fitting info
============
χ²:		4604.44995962
DoF:	996
χ²/DoF:	4.62294172652
p-value:	0.0	r

parameters
==========
0	A	0.124322551676	±	0.00012517901329
1	#omega	0.873227427898	±	0.000118037465966
2	#phi	-1.6952995846	±	0.00343859489211
3	c	0.200792625724	±	0.000108272120334

covariance matrix
=================
1.56697853682e-08	-3.02463382957e-10	7.7988861287e-09	-5.1716828197e-11
-3.02463382957e-10	1.39328433717e-08	-3.52180467262e-07	1.04252729247e-09
7.7988861287e-09	-3.52180467262e-07	1.1823934832e-05	-2.33223404385e-08
-5.1716828197e-11	1.04252729247e-09	-2.33223404385e-08	1.17228520416e-08

correlation matrix
==================
1.0	-0.0204701678544	0.0181184082709	-0.00381578341366
-0.0204701678544	1.0	-0.867689564133	0.0815738413585
0.0181184082709	-0.867689564133	1.0	-0.0626432779346
-0.00381578341366	0.0815738413585	-0.0626432779346	1.0

