fitting info
============
χ²:		1997.41498599
DoF:	836
χ²/DoF:	2.38925237559
p-value:	0.0	r

parameters
==========
0	A	0.236044334425	±	0.00027319602525
1	#omega	0.872991824015	±	0.000152126333688
2	#phi	-1.55621766754	±	0.00477346406714
3	c	0.198472201783	±	0.000233280084653

covariance matrix
=================
7.46360682122e-08	-1.20979188005e-09	3.19177782691e-08	-2.68933941775e-09
-1.20979188005e-09	2.31424214013e-08	-6.68154333024e-07	2.72620703349e-09
3.19177782691e-08	-6.68154333024e-07	2.27859592003e-05	-5.89738567281e-08
-2.68933941775e-09	2.72620703349e-09	-5.89738567281e-08	5.44195978959e-08

correlation matrix
==================
1.0	-0.029109308588	0.0244751081319	-0.0421981660423
-0.029109308588	1.0	-0.920107843269	0.0768204365798
0.0244751081319	-0.920107843269	1.0	-0.0529600282909
-0.0421981660423	0.0768204365798	-0.0529600282909	1.0

