fitting info
============
χ²:		4152.88414344
DoF:	996
χ²/DoF:	4.16956239302
p-value:	0.0	r

parameters
==========
0	A	7.58728122301	±	0.0192001155026
1	#omega	0.870534943303	±	0.000199411046828
2	#phi	-4.87034071714	±	0.00579826628473
3	c	-3.18887269932	±	0.0145121243386

covariance matrix
=================
0.000368644435314	-9.78683131626e-08	2.16639127716e-06	9.79622157835e-06
-9.78683131626e-08	3.9764765597e-08	-1.00264093973e-06	-2.76248984447e-07
2.16639127716e-06	-1.00264093973e-06	3.36198919086e-05	4.73589426921e-06
9.79622157835e-06	-2.76248984447e-07	4.73589426921e-06	0.000210601752819

correlation matrix
==================
1.0	-0.0255616596688	0.0194596444362	0.0351579680979
-0.0255616596688	1.0	-0.867157658324	-0.0954597925051
0.0194596444362	-0.867157658324	1.0	0.0562824314269
0.0351579680979	-0.0954597925051	0.0562824314269	1.0

