fitting info
============
χ²:		4142.91907998
DoF:	556
χ²/DoF:	7.45129330932
p-value:	0.0	r

parameters
==========
0	A	0.0416024040196	±	6.28403680554e-05
1	#omega	0.88165241796	±	0.000291215197414
2	#phi	-4.35410535039	±	0.00788147937259
3	c	0.183630978907	±	5.33916547916e-05

covariance matrix
=================
3.94891185734e-09	6.31450186715e-10	-1.42821224361e-08	9.30703152982e-11
6.31450186715e-10	8.48062912047e-08	-2.1868062729e-06	2.76308341696e-10
-1.42821224361e-08	-2.1868062729e-06	6.21177171006e-05	2.96245402969e-09
9.30703152982e-11	2.76308341696e-10	2.96245402969e-09	2.85066880139e-09

correlation matrix
==================
1.0	0.0345053423402	-0.0288367484193	0.0277395290677
0.0345053423402	1.0	-0.952771005513	0.0177707836509
-0.0288367484193	-0.952771005513	1.0	0.00703996492271
0.0277395290677	0.0177707836509	0.00703996492271	1.0

