fitting info
============
χ²:		11943.1119505
DoF:	996
χ²/DoF:	11.9910762556
p-value:	0.0	r

parameters
==========
0	A	7.51568795586	±	0.0107162575638
1	#omega	0.86970208546	±	0.000137553422085
2	#phi	-1.79955047581	±	0.00404708368017
3	c	-4.02556965417	±	0.00897617323413

covariance matrix
=================
0.000114838176174	-4.90273801972e-08	1.32039640365e-06	-2.25007385339e-06
-4.90273801972e-08	1.89209439273e-08	-4.82098218485e-07	1.02203500164e-07
1.32039640365e-06	-4.82098218485e-07	1.63788863143e-05	-6.18719332344e-06
-2.25007385339e-06	1.02203500164e-07	-6.18719332344e-06	8.05716859291e-05

correlation matrix
==================
1.0	-0.0332601454815	0.0304452121911	-0.0233917333254
-0.0332601454815	1.0	-0.866008077939	0.0827757538113
0.0304452121911	-0.866008077939	1.0	-0.170317893174
-0.0233917333254	0.0827757538113	-0.170317893174	1.0

