fitting info
============
χ²:		9474.16264057
DoF:	996
χ²/DoF:	9.51221148651
p-value:	0.0	r

parameters
==========
0	A	3.88025910848	±	0.00459247326948
1	#omega	0.870778953458	±	0.000125790131572
2	#phi	-0.907971597869	±	0.00360004529984
3	c	-8.8429663204	±	0.00394434920516

covariance matrix
=================
2.10908107309e-05	-9.35223502913e-09	1.89689762062e-07	-6.88255507887e-07
-9.35223502913e-09	1.58231572008e-08	-3.89267444837e-07	3.32445877054e-08
1.89689762062e-07	-3.89267444837e-07	1.29603261609e-05	-2.0828066979e-06
-6.88255507887e-07	3.32445877054e-08	-2.0828066979e-06	1.55578906523e-05

correlation matrix
==================
1.0	-0.0161890812945	0.0114733248199	-0.0379951095515
-0.0161890812945	1.0	-0.859594340391	0.0670037365715
0.0114733248199	-0.859594340391	1.0	-0.146678223942
-0.0379951095515	0.0670037365715	-0.146678223942	1.0

