fitting info
============
χ²:		593.89954564
DoF:	996
χ²/DoF:	0.596284684378
p-value:	1.36129623648e-26	l

parameters
==========
0	A	3.9399050958	±	0.00970556888191
1	#omega	0.869959026896	±	0.000192703264938
2	#phi	-4.64444530284	±	0.00558835629709
3	c	1.00338000373	±	0.00730995035161

covariance matrix
=================
9.41980673216e-05	-7.12462353792e-08	1.86380779695e-06	1.82677841186e-06
-7.12462353792e-08	3.71345483179e-08	-9.33307999242e-07	-1.46037891252e-07
1.86380779695e-06	-9.33307999242e-07	3.12297261033e-05	3.51634596248e-06
1.82677841186e-06	-1.46037891252e-07	3.51634596248e-06	5.3435374143e-05

correlation matrix
==================
1.0	-0.0380935855333	0.0343633931079	0.0257484118526
-0.0380935855333	1.0	-0.866666136467	-0.103672137544
0.0343633931079	-0.866666136467	1.0	0.0860781813031
0.0257484118526	-0.103672137544	0.0860781813031	1.0

