fitting info
============
χ²:		20012.6834208
DoF:	303
χ²/DoF:	66.0484601347

parameters
==========
0	#tau	114.524924587	±	0.179126628384
1	#phi	-0.00521502357717	±	0.000157858833493
2	A	-0.0508738125454	±	7.24370557357e-05
3	a	0.130486919994	±	0.0
4	b	-0.00764661618895	±	3.32402510355e-05
5	c	1.08099028601	±	0.0014365642065

covariance matrix
=================
0.0320863489964	1.26857896016e-05	1.09353489352e-05	6.64529163251e-07	0.000205145244048
1.26857896016e-05	2.49194113118e-08	4.26340404433e-09	4.42577295457e-09	7.55899137032e-08
1.09353489352e-05	4.26340404433e-09	5.24712704366e-09	7.83557343856e-11	3.67089513354e-08
6.64529163251e-07	4.42577295457e-09	7.83557343856e-11	1.1049142889e-09	8.21032114438e-09
0.000205145244048	7.55899137032e-08	3.67089513354e-08	8.21032114438e-09	2.06371671939e-06

correlation matrix
==================
1.0	0.448630156908	0.842775116449	0.111606528198	0.797216466064
0.448630156908	1.0	0.37284370405	0.843443404112	0.333326558955
0.842775116449	0.37284370405	1.0	0.032542109392	0.352765534124
0.111606528198	0.843443404112	0.032542109392	1.0	0.171937579461
0.797216466064	0.333326558955	0.352765534124	0.171937579461	1.0

