fitting info
============
χ²:		1045.65931091
DoF:	133
χ²/DoF:	7.86210008203

parameters
==========
0	#tau	124.467568973	±	0.768542710823
1	#phi	0.648482874902	±	0.00593850496197
2	A	0.024390604676	±	0.000154036562717
3	a	0.130486919994	±	0.0
4	b	-0.00768386654155	±	0.000156015296532
5	c	-0.449169975611	±	0.00935107598377

covariance matrix
=================
0.590657898359	-0.00353513173201	-0.000108644334302	-8.28143901188e-05	0.0067027707777
-0.00353513173201	3.52658411834e-05	4.36513143662e-07	9.06058399925e-07	-5.2144690693e-05
-0.000108644334302	4.36513143662e-07	2.37272626538e-08	8.8576703265e-09	-1.06525915014e-06
-8.28143901188e-05	9.06058399925e-07	8.8576703265e-09	2.43407727518e-08	-1.26238528283e-06
0.0067027707777	-5.2144690693e-05	-1.06525915014e-06	-1.26238528283e-06	8.74426220542e-05

correlation matrix
==================
1.0	-0.774569639769	-0.91773069242	-0.690670042526	0.93266305517
-0.774569639769	1.0	0.477195547172	0.977939271085	-0.93901252701
-0.91773069242	0.477195547172	1.0	0.368577239037	-0.739553962694
-0.690670042526	0.977939271085	0.368577239037	1.0	-0.865292931404
0.93266305517	-0.93901252701	-0.739553962694	-0.865292931404	1.0

