fitting info
============
χ²:		434.823252935
DoF:	375
χ²/DoF:	1.15952867449

parameters
==========
0	#tau	111.871254995	±	0.354571515388
1	#phi	-1.43438072329	±	0.00213488494688
2	A	-0.00950925805603	±	4.14801908791e-05
3	a	0.130486919994	±	0.0
4	b	-0.00739912995973	±	7.9802039693e-05
5	c	1.37493182706	±	0.00183062421786

covariance matrix
=================
0.125720959525	0.000188543799648	1.39988643024e-05	3.94226302196e-06	-0.000515930952708
0.000188543799648	4.55773373643e-06	1.71391648775e-08	1.53224023778e-07	-1.02284775686e-06
1.39988643024e-05	1.71391648775e-08	1.72060623537e-09	2.93847323871e-10	-7.04964191063e-08
3.94226302196e-06	1.53224023778e-07	2.93847323871e-10	6.36836553916e-09	-2.37502779496e-08
-0.000515930952708	-1.02284775686e-06	-7.04964191063e-08	-2.37502779496e-08	3.35118502702e-06

correlation matrix
==================
1.0	0.249077177942	0.951805508767	0.13932458596	-0.794856146133
0.249077177942	1.0	0.193541648323	0.899369998726	-0.261720245251
0.951805508767	0.193541648323	1.0	0.0887701598336	-0.928382846928
0.13932458596	0.899369998726	0.0887701598336	1.0	-0.162575650828
-0.794856146133	-0.261720245251	-0.928382846928	-0.162575650828	1.0

