fitting info
============
χ²:		413.632239522
DoF:	369
χ²/DoF:	1.12095457865
p-value:	0.05421235955	r

parameters
==========
0	#tau	130.480610981	±	0.46887364886
1	#phi	1.68891522854	±	0.00204012808998
2	A	-0.0125891723952	±	5.16777996979e-05
3	a	0.130486919994	±	0.0
4	b	-0.00898530572479	±	8.3569134197e-05
5	c	1.29986273359	±	0.00222957335488

covariance matrix
=================
0.219842498595	0.000211277760194	2.22730085791e-05	7.56034613715e-06	-0.000701969453384
0.000211277760194	4.16212262353e-06	2.42327935319e-08	1.47840144532e-07	-1.48823643917e-06
2.22730085791e-05	2.42327935319e-08	2.67059498162e-09	8.83605524697e-10	-1.01586697825e-07
7.56034613715e-06	1.47840144532e-07	8.83605524697e-10	6.98380019043e-09	-5.09986126805e-08
-0.000701969453384	-1.48823643917e-06	-1.01586697825e-07	-5.09986126805e-08	4.97099734477e-06

correlation matrix
==================
1.0	0.220871928384	0.919219109797	0.192947853247	-0.671491659473
0.220871928384	1.0	0.229848689637	0.867139640627	-0.327184508675
0.919219109797	0.229848689637	1.0	0.204601355002	-0.881680150509
0.192947853247	0.867139640627	0.204601355002	1.0	-0.273710018347
-0.671491659473	-0.327184508675	-0.881680150509	-0.273710018347	1.0

