fitting info
============
χ²:		91.1575337408
DoF:	369
χ²/DoF:	0.247039386832
p-value:	7.72716085871e-54	l

parameters
==========
0	#tau	109.422626121	±	0.960959735047
1	#phi	1.71809915173	±	0.00505343241224
2	A	-0.00817557159847	±	8.76031466158e-05
3	a	0.130486919994	±	0.0
4	b	-0.00656956054218	±	0.000233579153394
5	c	1.37759839915	±	0.00345391857082

covariance matrix
=================
0.923443612381	0.00138956826772	7.86485010296e-05	4.68560193128e-05	-0.00250544719893
0.00138956826772	2.55371791451e-05	1.23981940484e-07	1.04572666102e-06	-6.67548851491e-06
7.86485010296e-05	1.23981940484e-07	7.674311297e-09	4.02882356371e-09	-2.77679150551e-07
4.68560193128e-05	1.04572666102e-06	4.02882356371e-09	5.45592209001e-08	-2.29342428478e-07
-0.00250544719893	-6.67548851491e-06	-2.77679150551e-07	-2.29342428478e-07	1.19295534938e-05

correlation matrix
==================
1.0	0.286146366539	0.934255263139	0.208749824599	-0.754862705656
0.286146366539	1.0	0.280060759309	0.885926390769	-0.382458658177
0.934255263139	0.280060759309	1.0	0.196890364354	-0.917722694933
0.208749824599	0.885926390769	0.196890364354	1.0	-0.284274714739
-0.754862705656	-0.382458658177	-0.917722694933	-0.284274714739	1.0

