fitting info
============
χ²:		926.365773809
DoF:	370
χ²/DoF:	2.50369128057
p-value:	0.0	r

parameters
==========
0	#tau	116.078364448	±	0.291879037352
1	#phi	0.000969047742077	±	0.000343983166688
2	A	-0.0490570719576	±	0.00012894633686
3	a	0.130486919994	±	0.0
4	b	-0.00790798693631	±	6.16562290382e-05
5	c	1.13952134066	±	0.00180857427042

covariance matrix
=================
0.0851933724455	1.53916028349e-05	3.33739271714e-05	3.15678579163e-06	0.00037122139581
1.53916028349e-05	1.18324418965e-07	9.93942639914e-09	1.79153700819e-08	1.20820461248e-08
3.33739271714e-05	9.93942639914e-09	1.66271577895e-08	1.9575454358e-09	7.27353077072e-08
3.15678579163e-06	1.79153700819e-08	1.9575454358e-09	3.80149057921e-09	7.46468903392e-10
0.00037122139581	1.20820461248e-08	7.27353077072e-08	7.46468903392e-10	3.27094089162e-06

correlation matrix
==================
1.0	0.153300564054	0.886738162467	0.175414402577	0.703224100244
0.153300564054	1.0	0.224086205553	0.84471777779	0.0194207926311
0.886738162467	0.224086205553	1.0	0.246221448953	0.311888903311
0.175414402577	0.84471777779	0.246221448953	1.0	0.00669419583286
0.703224100244	0.0194207926311	0.311888903311	0.00669419583286	1.0

