fitting info
============
χ²:		3110.23939862
DoF:	319
χ²/DoF:	9.74996676683

parameters
==========
0	#tau	129.682653241	±	0.187477143256
1	#phi	1.6766742797	±	0.000822548046293
2	A	-0.0127188537562	±	2.1895598646e-05
3	a	0.130486919994	±	0.0
4	b	-0.00882593450465	±	2.25562912804e-05
5	c	1.34279106377	±	0.00109923507113

covariance matrix
=================
0.0351476792435	-6.40365132787e-06	3.88554988375e-06	-1.53009569525e-06	-0.000148936170888
-6.40365132787e-06	6.76585288461e-07	-1.63875429701e-09	1.73828629261e-08	5.36093647724e-08
3.88554988375e-06	-1.63875429701e-09	4.79417240067e-10	-1.79661998085e-10	-2.17750647626e-08
-1.53009569525e-06	1.73828629261e-08	-1.79661998085e-10	5.08786276327e-10	5.84158170229e-09
-0.000148936170888	5.36093647724e-08	-2.17750647626e-08	5.84158170229e-09	1.20831774161e-06

correlation matrix
==================
1.0	-0.0415258063776	0.946558234669	-0.361828333487	-0.722705368363
-0.0415258063776	1.0	-0.0909904356956	0.936898052379	0.0592910047411
0.946558234669	-0.0909904356956	1.0	-0.363774043449	-0.904715551266
-0.361828333487	0.936898052379	-0.363774043449	1.0	0.235598317648
-0.722705368363	0.0592910047411	-0.904715551266	0.235598317648	1.0

