fitting info
============
χ²:		823.519143761
DoF:	183
χ²/DoF:	4.50010461072
p-value:	0.0	r

parameters
==========
0	#tau	115.590537366	±	0.221704358616
1	#phi	0.680397674507	±	0.00253046196347
2	A	0.023527327467	±	4.97202767863e-05
3	a	0.130486919994	±	0.0
4	b	-0.0069051793842	±	8.3277282524e-05
5	c	-0.46704936727	±	0.0022547995548

covariance matrix
=================
0.0491528226294	-0.000307340400475	-6.71286144528e-06	-8.76388334973e-06	0.000365971840238
-0.000307340400475	6.40323774855e-06	-3.62367374129e-08	2.04696348421e-07	-5.12544499099e-06
-6.71286144528e-06	-3.62367374129e-08	2.47210592371e-09	-1.48659397213e-09	-9.2754847805e-09
-8.76388334973e-06	2.04696348421e-07	-1.48659397213e-09	6.93510578458e-09	-1.52481639658e-07
0.000365971840238	-5.12544499099e-06	-9.2754847805e-09	-1.52481639658e-07	5.08412103235e-06

correlation matrix
==================
1.0	-0.547829743656	-0.608975631539	-0.474674402164	0.732091725374
-0.547829743656	1.0	-0.288015418457	0.971367875739	-0.898305011992
-0.608975631539	-0.288015418457	1.0	-0.359031277898	-0.0827361178645
-0.474674402164	0.971367875739	-0.359031277898	1.0	-0.81205055586
0.732091725374	-0.898305011992	-0.0827361178645	-0.81205055586	1.0

