fitting info
============
χ²:		2873.65862899
DoF:	368
χ²/DoF:	7.80885497007
p-value:	0.0	r

parameters
==========
0	#tau	132.450451056	±	0.218703284278
1	#phi	1.67586425736	±	0.00089426433046
2	A	-0.012397268585	±	2.34582046001e-05
3	a	0.130486919994	±	0.0
4	b	-0.00890299581294	±	3.86560276329e-05
5	c	1.34975664102	±	0.000916589801853

covariance matrix
=================
0.047831126554	4.97972656654e-05	4.78991495285e-06	2.44871378027e-06	-0.000134905427334
4.97972656654e-05	7.99708692733e-07	6.65081370225e-09	2.88322809969e-08	-3.91378728289e-07
4.78991495285e-06	6.65081370225e-09	5.50287363061e-10	3.31869578632e-10	-1.85351880277e-08
2.44871378027e-06	2.88322809969e-08	3.31869578632e-10	1.49428847235e-09	-1.5978780309e-08
-0.000134905427334	-3.91378728289e-07	-1.85351880277e-08	-1.5978780309e-08	8.4013686486e-07

correlation matrix
==================
1.0	0.254615174631	0.933636297419	0.289644640795	-0.672975255727
0.254615174631	1.0	0.31704003308	0.83405726667	-0.477481212986
0.933636297419	0.31704003308	1.0	0.365978397371	-0.862039577336
0.289644640795	0.83405726667	0.365978397371	1.0	-0.450973872832
-0.672975255727	-0.477481212986	-0.862039577336	-0.450973872832	1.0

