fitting info
============
χ²:		1499.61876251
DoF:	182
χ²/DoF:	8.23966353025
p-value:	0.0	r

parameters
==========
0	#tau	149.921135954	±	0.560957626775
1	#phi	0.550436906473	±	0.00364935608628
2	A	0.00902712821592	±	3.45341188979e-05
3	a	0.130486919994	±	0.0
4	b	-0.0103573184527	±	0.000121431467355
5	c	0.220691654277	±	0.000960976010622

covariance matrix
=================
0.314673459037	-0.00104478833879	-9.64436303225e-06	-2.68841978727e-05	0.000271624135191
-0.00104478833879	1.33177998444e-05	-5.48213288584e-08	4.2062483242e-07	-2.51779389474e-06
-9.64436303225e-06	-5.48213288584e-08	1.19260536805e-09	-2.15995477261e-09	-4.32318463251e-10
-2.68841978727e-05	4.2062483242e-07	-2.15995477261e-09	1.4745601264e-08	-6.94035725958e-08
0.000271624135191	-2.51779389474e-06	-4.32318463251e-10	-6.94035725958e-08	9.23474892991e-07

correlation matrix
==================
1.0	-0.510366332999	-0.497846103885	-0.394671515368	0.503878413495
-0.510366332999	1.0	-0.434995672924	0.949177475892	-0.717945351788
-0.497846103885	-0.434995672924	1.0	-0.515068552254	-0.013026953334
-0.394671515368	0.949177475892	-0.515068552254	1.0	-0.594754911833
0.503878413495	-0.717945351788	-0.013026953334	-0.594754911833	1.0

