fitting info
============
χ²:		34178.4652165
DoF:	313
χ²/DoF:	109.196374494

parameters
==========
0	#tau	130.421298246	±	0.163894294953
1	#phi	0.0216607700062	±	0.000114644401025
2	A	-0.0428308665667	±	4.03541805406e-05
3	a	0.130486919994	±	0.0
4	b	-0.0038491250381	±	2.99575318181e-05
5	c	1.1503451327	±	0.00150743721199

covariance matrix
=================
0.0268613399181	2.20905839628e-06	4.05319186729e-06	-7.28592212772e-07	0.000199966319848
2.20905839628e-06	1.31433386864e-08	7.5732297344e-10	2.69980225028e-09	-1.96219192087e-09
4.05319186729e-06	7.5732297344e-10	1.62845988711e-09	-1.87163231506e-10	2.22453756661e-09
-7.28592212772e-07	2.69980225028e-09	-1.87163231506e-10	8.9745371263e-10	-3.3427819941e-09
0.000199966319848	-1.96219192087e-09	2.22453756661e-09	-3.3427819941e-09	2.27236694809e-06

correlation matrix
==================
1.0	0.117568373665	0.612836739862	-0.1483934253	0.809382454641
0.117568373665	1.0	0.163696633904	0.786091456265	-0.0113540133809
0.612836739862	0.163696633904	1.0	-0.154819611414	0.0365689069747
-0.1483934253	0.786091456265	-0.154819611414	1.0	-0.0740223371201
0.809382454641	-0.0113540133809	0.0365689069747	-0.0740223371201	1.0

