fitting info
============
χ²:		7234.2018207
DoF:	322
χ²/DoF:	22.4664652817

parameters
==========
0	#tau	138.276134927	±	0.0501607490911
1	#phi	1.68591224742	±	0.000495297577637
2	A	-0.011985964029	±	1.6758055083e-05
3	a	0.130486919994	±	0.0
4	b	-0.00836714167905	±	1.36102379716e-05
5	c	1.34387279445	±	0.00163054236219

covariance matrix
=================
0.00251610074938	1.89682996958e-05	7.85664198712e-07	5.46860422639e-07	-7.4251182282e-05
1.89682996958e-05	2.45319690413e-07	5.67925588058e-09	6.57146254514e-09	-5.43388644165e-07
7.85664198712e-07	5.67925588058e-09	2.80832410165e-10	1.75612572654e-10	-2.72386609403e-08
5.46860422639e-07	6.57146254514e-09	1.75612572654e-10	1.85238577644e-10	-1.68531208853e-08
-7.4251182282e-05	-5.43388644165e-07	-2.72386609403e-08	-1.68531208853e-08	2.6586683949e-06

correlation matrix
==================
1.0	0.763480914942	0.934650701888	0.801026274121	-0.907835733748
0.763480914942	1.0	0.684229223213	0.974832756849	-0.672840721412
0.934650701888	0.684229223213	1.0	0.76995664738	-0.996850552009
0.801026274121	0.974832756849	0.76995664738	1.0	-0.759420874671
-0.907835733748	-0.672840721412	-0.996850552009	-0.759420874671	1.0

