fitting info
============
χ²:		2171.04954005
DoF:	369
χ²/DoF:	5.88360308958
p-value:	0.0	r

parameters
==========
0	#tau	123.801411457	±	0.175016047446
1	#phi	1.70660960512	±	0.000749020630917
2	A	-0.0128794509742	±	2.03207377593e-05
3	a	0.130486919994	±	0.0
4	b	-0.00814923276881	±	3.26705098144e-05
5	c	1.41397669075	±	0.000797081644276

covariance matrix
=================
0.0306306168638	3.8665783462e-05	3.28492489684e-06	7.30880401221e-07	-9.53782195337e-05
3.8665783462e-05	5.61031905539e-07	4.11665447624e-09	2.0572586106e-08	-1.91590584767e-07
3.28492489684e-06	4.11665447624e-09	4.12932383081e-10	6.85165201682e-11	-1.43302459325e-08
7.30880401221e-07	2.0572586106e-08	6.85165201682e-11	1.06736221153e-09	-4.76410462093e-09
-9.53782195337e-05	-1.91590584767e-07	-1.43302459325e-08	-4.76410462093e-09	6.35339147642e-07

correlation matrix
==================
1.0	0.29495459271	0.923651419343	0.12782403808	-0.683704646583
0.29495459271	1.0	0.270465057982	0.840696418281	-0.320905806205
0.923651419343	0.270465057982	1.0	0.103204804371	-0.884731243819
0.12782403808	0.840696418281	0.103204804371	1.0	-0.182945853482
-0.683704646583	-0.320905806205	-0.884731243819	-0.182945853482	1.0

