fitting info
============
χ²:		734.270390837
DoF:	183
χ²/DoF:	4.01240650731
p-value:	0.0	r

parameters
==========
0	#tau	111.206695121	±	0.352691791144
1	#phi	0.616826183095	±	0.0038723760412
2	A	0.0187903571244	±	5.91341337861e-05
3	a	0.130486919994	±	0.0
4	b	-0.00807037880777	±	0.000135749415838
5	c	-0.0440880883137	±	0.00228737302225

covariance matrix
=================
0.124391499541	-0.000873741150813	-1.02852777995e-05	-2.54642502905e-05	0.00062225278862
-0.000873741150813	1.49952962045e-05	-7.32068170076e-08	5.09366418695e-07	-7.97973073204e-06
-1.02852777995e-05	-7.32068170076e-08	3.49684577863e-09	-3.43421857305e-09	-3.49694711605e-09
-2.54642502905e-05	5.09366418695e-07	-3.43421857305e-09	1.84279039005e-08	-2.50749232504e-07
0.00062225278862	-7.97973073204e-06	-3.49694711605e-09	-2.50749232504e-07	5.23207534292e-06

correlation matrix
==================
1.0	-0.639749439703	-0.493153858075	-0.531860298927	0.771319844971
-0.639749439703	1.0	-0.319694938476	0.968980005711	-0.900894048097
-0.493153858075	-0.319694938476	1.0	-0.427810779991	-0.0258531716944
-0.531860298927	0.968980005711	-0.427810779991	1.0	-0.807541124683
0.771319844971	-0.900894048097	-0.0258531716944	-0.807541124683	1.0

