fitting info
============
χ²:		1610.70621939
DoF:	369
χ²/DoF:	4.36505750512
p-value:	0.0	r

parameters
==========
0	#tau	112.846595173	±	0.195774057691
1	#phi	-0.00369236057171	±	0.000279203084241
2	A	-0.0464202032622	±	9.96014705446e-05
3	a	0.130486919994	±	0.0
4	b	-0.00727491254016	±	4.1356985312e-05
5	c	1.12583890252	±	0.000679944579634

covariance matrix
=================
0.0383274816649	6.36365861463e-06	1.85337821084e-05	1.54880347869e-06	7.53515993363e-05
6.36365861463e-06	7.79543622499e-08	4.82159711033e-09	9.6080456095e-09	-4.20832021613e-09
1.85337821084e-05	4.82159711033e-09	9.92045293466e-09	1.02956701058e-09	2.16903820675e-08
1.54880347869e-06	9.6080456095e-09	1.02956701058e-09	1.7104002341e-09	-1.41754370838e-09
7.53515993363e-05	-4.20832021613e-09	2.16903820675e-08	-1.41754370838e-09	4.62324631373e-07

correlation matrix
==================
1.0	0.116421052094	0.950480387989	0.191290014236	0.566061758682
0.116421052094	1.0	0.173382378421	0.832081700452	-0.0221674149518
0.950480387989	0.173382378421	1.0	0.24994243371	0.320278610328
0.191290014236	0.832081700452	0.24994243371	1.0	-0.0504096949181
0.566061758682	-0.0221674149518	0.320278610328	-0.0504096949181	1.0

