fitting info
============
χ²:		2402.07618502
DoF:	138
χ²/DoF:	17.4063491668

parameters
==========
0	#tau	97.2591114126	±	0.619713291029
1	#phi	0.721842724899	±	0.00938937504741
2	A	0.015415493105	±	9.72786751043e-05
3	a	0.130486919994	±	0.0
4	b	-0.00396734130321	±	0.000291465055396
5	c	-0.268728122399	±	0.00716802685642

covariance matrix
=================
0.384044563078	-0.00447957025479	-5.05075385505e-05	-0.000132301575952	0.00400882817863
-0.00447957025479	8.8160363781e-05	2.82315407805e-07	2.71085796665e-06	-6.4919668389e-05
-5.05075385505e-05	2.82315407805e-07	9.46314063004e-09	7.33530609726e-09	-3.76990979614e-07
-0.000132301575952	2.71085796665e-06	7.33530609726e-09	8.4951878517e-08	-1.95179056366e-06
0.00400882817863	-6.4919668389e-05	-3.76990979614e-07	-1.95179056366e-06	5.13806090144e-05

correlation matrix
==================
1.0	-0.769854858308	-0.83781425683	-0.732466410363	0.90245801844
-0.769854858308	1.0	0.309086649812	0.990566379152	-0.964583840892
-0.83781425683	0.309086649812	1.0	0.258710527182	-0.540646863646
-0.732466410363	0.990566379152	0.258710527182	1.0	-0.934215560645
0.90245801844	-0.964583840892	-0.540646863646	-0.934215560645	1.0

