fitting info
============
χ²:		3681.37552607
DoF:	369
χ²/DoF:	9.97662744193
p-value:	0.0	r

parameters
==========
0	#tau	123.58308957	±	0.159947019792
1	#phi	0.00531187715812	±	0.000209918468943
2	A	-0.0444744545045	±	6.66593025041e-05
3	a	0.130486919994	±	0.0
4	b	-0.00752767145645	±	2.8271082455e-05
5	c	1.07982567376	±	0.000655656840013

covariance matrix
=================
0.0255830491405	5.1163941317e-06	9.93616899672e-06	2.86817761908e-09	6.76192934046e-05
5.1163941317e-06	4.40657636033e-08	1.93453738617e-09	4.92388345051e-09	1.14700012278e-08
9.93616899672e-06	1.93453738617e-09	4.44346261033e-09	-2.42134980334e-11	1.55778094493e-08
2.86817761908e-09	4.92388345051e-09	-2.42134980334e-11	7.99254103179e-10	8.25027235236e-10
6.76192934046e-05	1.14700012278e-08	1.55778094493e-08	8.25027235236e-10	4.29885891856e-07

correlation matrix
==================
1.0	0.152383235123	0.93192733797	0.000634289398731	0.644789385424
0.152383235123	1.0	0.138250182076	0.829687748409	0.0833366844354
0.93192733797	0.138250182076	1.0	-0.0128485563205	0.356425712007
0.000634289398731	0.829687748409	-0.0128485563205	1.0	0.0445091450137
0.644789385424	0.0833366844354	0.356425712007	0.0445091450137	1.0

