fitting info
============
χ²:		4008.928468
DoF:	370
χ²/DoF:	10.8349418054
p-value:	0.0	r

parameters
==========
0	#tau	126.197757128	±	0.334775166976
1	#phi	0.0103356311542	±	0.000434987189425
2	A	-0.0210130987253	±	6.43908513796e-05
3	a	0.130486919994	±	0.0
4	b	-0.00693138009946	±	5.98575863966e-05
5	c	0.816312269356	±	0.000671360049068

covariance matrix
=================
0.112074412424	1.9518568846e-05	1.99711845274e-05	2.82290837668e-06	0.000140702862542
1.9518568846e-05	1.89213854964e-07	5.57450546084e-09	2.18373392208e-08	-3.238659364e-09
1.99711845274e-05	5.57450546084e-09	4.14618174138e-09	7.88059601254e-10	1.37468583746e-08
2.82290837668e-06	2.18373392208e-08	7.88059601254e-10	3.58293064923e-09	-1.45286019349e-09
0.000140702862542	-3.238659364e-09	1.37468583746e-08	-1.45286019349e-09	4.50724315484e-07

correlation matrix
==================
1.0	0.134035015395	0.926459463177	0.14087189154	0.626028642516
0.134035015395	1.0	0.199024119331	0.838694997183	-0.0110900450734
0.926459463177	0.199024119331	1.0	0.204463455456	0.317997566926
0.14087189154	0.838694997183	0.204463455456	1.0	-0.0361533986375
0.626028642516	-0.0110900450734	0.317997566926	-0.0361533986375	1.0

