fitting info
============
χ²:		3857.71722189
DoF:	369
χ²/DoF:	10.4545182165
p-value:	0.0	r

parameters
==========
0	#tau	115.881276286	±	0.146494341221
1	#phi	-0.00275438558483	±	0.0002062693763
2	A	-0.0496176425825	±	7.48585237032e-05
3	a	0.130486919994	±	0.0
4	b	-0.00845376946433	±	2.89766058212e-05
5	c	1.14509520551	±	0.000641064596265

covariance matrix
=================
0.0214605920099	4.19370910013e-06	1.02729633766e-05	1.54544560937e-08	6.0225516741e-05
4.19370910013e-06	4.25470555992e-08	1.66867453152e-09	5.03442286156e-09	1.32107033776e-08
1.02729633766e-05	1.66867453152e-09	5.60379857102e-09	-4.79933530201e-11	1.75881811797e-08
1.54544560937e-08	5.03442286156e-09	-4.79933530201e-11	8.39643684916e-10	1.23956557237e-09
6.0225516741e-05	1.32107033776e-08	1.75881811797e-08	1.23956557237e-09	4.10963816584e-07

correlation matrix
==================
1.0	0.138785053609	0.93677142068	0.00364070393321	0.641295057625
0.138785053609	1.0	0.108067629211	0.842301206025	0.0999054989195
0.93677142068	0.108067629211	1.0	-0.0221254606592	0.366503291796
0.00364070393321	0.842301206025	-0.0221254606592	1.0	0.0667298578494
0.641295057625	0.0999054989195	0.366503291796	0.0667298578494	1.0

