fitting info
============
χ²:		314.886151307
DoF:	373
χ²/DoF:	0.844198797069

parameters
==========
0	#tau	110.118527797	±	0.50347182305
1	#phi	-1.42111286459	±	0.00289047722849
2	A	-0.00812620860863	±	4.89956552166e-05
3	a	0.130486919994	±	0.0
4	b	-0.00588602080711	±	0.000118004865699
5	c	1.37766826729	±	0.00205973524048

covariance matrix
=================
0.253483876606	0.000388199027975	2.33557835674e-05	9.6264996772e-06	-0.000815619585811
0.000388199027975	8.35485860842e-06	3.1146796516e-08	3.04517516086e-07	-1.78347633427e-06
2.33557835674e-05	3.1146796516e-08	2.4005742301e-09	6.78606207463e-10	-9.3467643224e-08
9.6264996772e-06	3.04517516086e-07	6.78606207463e-10	1.39251483287e-08	-4.78728520518e-08
-0.000815619585811	-1.78347633427e-06	-9.3467643224e-08	-4.78728520518e-08	4.2425092609e-06

correlation matrix
==================
1.0	0.266753251094	0.94680752753	0.162029210359	-0.78650425494
0.266753251094	1.0	0.219930906083	0.892776626025	-0.299561777626
0.94680752753	0.219930906083	1.0	0.117370875249	-0.926173440602
0.162029210359	0.892776626025	0.117370875249	1.0	-0.196959978023
-0.78650425494	-0.299561777626	-0.926173440602	-0.196959978023	1.0

