fitting info
============
χ²:		296.067184284
DoF:	369
χ²/DoF:	0.802350092911
p-value:	0.00211625667632	l

parameters
==========
0	#tau	129.302078722	±	0.477286064213
1	#phi	1.68162017841	±	0.00209249872402
2	A	-0.0127507385462	±	5.41922669493e-05
3	a	0.130486919994	±	0.0
4	b	-0.00877584424423	±	8.59824725669e-05
5	c	1.34307491158	±	0.00233200128053

covariance matrix
=================
0.227801987092	0.000214528304541	2.38224880852e-05	7.53073421796e-06	-0.000756396983131
0.000214528304541	4.37855091002e-06	2.55976320649e-08	1.56131678082e-07	-1.55628764884e-06
2.38224880852e-05	2.55976320649e-08	2.9368017971e-09	9.17701411545e-10	-1.1193097747e-07
7.53073421796e-06	1.56131678082e-07	9.17701411545e-10	7.39298558873e-09	-5.31077441795e-08
-0.000756396983131	-1.55628764884e-06	-1.1193097747e-07	-5.31077441795e-08	5.4382299724e-06

correlation matrix
==================
1.0	0.214803149389	0.921024209064	0.183505310319	-0.679582598005
0.214803149389	1.0	0.225734153083	0.867792506907	-0.31893037563
0.921024209064	0.225734153083	1.0	0.19694916835	-0.885695000452
0.183505310319	0.867792506907	0.19694916835	1.0	-0.264861686581
-0.679582598005	-0.31893037563	-0.885695000452	-0.264861686581	1.0

