fitting info
============
χ²:		313.883468876
DoF:	369
χ²/DoF:	0.850632706981
p-value:	0.0172212606256	l

parameters
==========
0	#tau	132.847957744	±	0.480012389503
1	#phi	1.68448024195	±	0.002050929641
2	A	-0.0125030990732	±	5.15159121454e-05
3	a	0.130486919994	±	0.0
4	b	-0.0087948952761	±	8.28232672324e-05
5	c	1.3398898051	±	0.00224786058488

covariance matrix
=================
0.230411894076	0.000193276312384	2.27023340125e-05	6.66838360938e-06	-0.000716013370076
0.000193276312384	4.20631239233e-06	2.17591037812e-08	1.46759804665e-07	-1.3982782869e-06
2.27023340125e-05	2.17591037812e-08	2.65388920417e-09	7.74745602602e-10	-1.01686834449e-07
6.66838360938e-06	1.46759804665e-07	7.74745602602e-10	6.85969359505e-09	-4.6927627345e-08
-0.000716013370076	-1.3982782869e-06	-1.01686834449e-07	-4.6927627345e-08	5.05287720904e-06

correlation matrix
==================
1.0	0.196324916825	0.918071843472	0.167731939846	-0.66358920531
0.196324916825	1.0	0.205943859754	0.863980627411	-0.30330074689
0.918071843472	0.205943859754	1.0	0.181578894365	-0.878120187893
0.167731939846	0.863980627411	0.181578894365	1.0	-0.252061702908
-0.66358920531	-0.30330074689	-0.878120187893	-0.252061702908	1.0

