fitting info
============
χ²:		120997.599195
DoF:	348
χ²/DoF:	347.694250561

parameters
==========
0	#tau	127.888403618	±	0.15461512708
1	#phi	-0.00360861832887	±	0.000113773627223
2	A	-0.0422032440658	±	4.02463521546e-05
3	a	0.130486919994	±	0.0
4	b	-0.00697037486145	±	3.25498699353e-05
5	c	1.1851199482	±	0.00144646556052

covariance matrix
=================
0.023905837522	-2.59705131361e-07	3.57289213571e-06	-1.16987968152e-06	0.000174050002128
-2.59705131361e-07	1.29444382515e-08	-9.36676625982e-10	2.92545761643e-09	1.14834152624e-08
3.57289213571e-06	-9.36676625982e-10	1.61976886175e-09	-4.62677380626e-10	-3.61311662719e-09
-1.16987968152e-06	2.92545761643e-09	-4.62677380626e-10	1.05949403281e-09	-1.70506031855e-09
0.000174050002128	1.14834152624e-08	-3.61311662719e-09	-1.70506031855e-09	2.09226261778e-06

correlation matrix
==================
1.0	-0.0147634189748	0.574171194342	-0.232455571033	0.778240724786
-0.0147634189748	1.0	-0.20456039606	0.789956085196	0.0697784580304
0.574171194342	-0.20456039606	1.0	-0.353185192929	-0.0620650857218
-0.232455571033	0.789956085196	-0.353185192929	1.0	-0.0362144915367
0.778240724786	0.0697784580304	-0.0620650857218	-0.0362144915367	1.0

