fitting info
============
χ²:		2375.80604715
DoF:	369
χ²/DoF:	6.43849877277
p-value:	0.0	r

parameters
==========
0	#tau	130.479780063	±	0.215443585279
1	#phi	1.68931684711	±	0.000901872432432
2	A	-0.0125875485531	±	2.37845700706e-05
3	a	0.130486919994	±	0.0
4	b	-0.00892400360191	±	3.90469086671e-05
5	c	1.29977971942	±	0.000922064361658

covariance matrix
=================
0.0464159384377	5.09949715964e-05	4.78762062721e-06	2.48355117774e-06	-0.000133900853955
5.09949715964e-05	8.1337388438e-07	6.87446945157e-09	2.94923685917e-08	-4.06411448503e-07
4.78762062721e-06	6.87446945157e-09	5.65705773445e-10	3.41132806394e-10	-1.88778231015e-08
2.48355117774e-06	2.94923685917e-08	3.41132806394e-10	1.52466107646e-09	-1.64957054383e-08
-0.000133900853955	-4.06411448503e-07	-1.88778231015e-08	-1.64957054383e-08	8.50202687041e-07

correlation matrix
==================
1.0	0.262451267468	0.934309696728	0.295224835622	-0.674044458219
0.262451267468	1.0	0.32047840378	0.837486633638	-0.48871940656
0.934309696728	0.32047840378	1.0	0.367317419769	-0.860786346994
0.295224835622	0.837486633638	0.367317419769	1.0	-0.458166149946
-0.674044458219	-0.48871940656	-0.860786346994	-0.458166149946	1.0

