fitting info
============
χ²:		1686.85654066
DoF:	183
χ²/DoF:	9.21779530413
p-value:	0.0	r

parameters
==========
0	#tau	135.711718504	±	0.521872802023
1	#phi	1.59141477551	±	0.00209762308337
2	A	0.00842142777515	±	5.08268211623e-05
3	a	0.130486919994	±	0.0
4	b	-0.00712214132134	±	6.77180324838e-05
5	c	-0.13322147068	±	0.0030558864336

covariance matrix
=================
0.272351221491	0.000411932451315	-2.57419151861e-05	1.04236201914e-05	0.00145484399454
0.000411932451315	4.40002259989e-06	-4.41398125533e-08	1.33602090371e-07	2.8727338196e-06
-2.57419151861e-05	-4.41398125533e-08	2.58336574947e-09	-1.13311956163e-09	-1.52323877479e-07
1.04236201914e-05	1.33602090371e-07	-1.13311956163e-09	4.58573192347e-09	7.5597550447e-08
0.00145484399454	2.8727338196e-06	-1.52323877479e-07	7.5597550447e-08	9.33844189507e-06

correlation matrix
==================
1.0	0.37629971463	-0.970472520698	0.294950803342	0.912251427249
0.37629971463	1.0	-0.41400928605	0.94054909156	0.448157556091
-0.970472520698	-0.41400928605	1.0	-0.329214122389	-0.980703730312
0.294950803342	0.94054909156	-0.329214122389	1.0	0.365313886911
0.912251427249	0.448157556091	-0.980703730312	0.365313886911	1.0

