fitting info
============
χ²:		5057.64155409
DoF:	320
χ²/DoF:	15.8051298565

parameters
==========
0	#tau	129.943468575	±	0.174114584187
1	#phi	1.6819759646	±	0.000863913470823
2	A	-0.0126539322398	±	2.11728341757e-05
3	a	0.130486919994	±	0.0
4	b	-0.00821376524386	±	2.30335839786e-05
5	c	1.3421260663	±	0.00111312522356

covariance matrix
=================
0.0303158884266	-1.87007282569e-06	3.47894626867e-06	-1.22542039119e-06	-0.000140389979994
-1.87007282569e-06	7.46346485069e-07	-1.02085295069e-09	1.89006454453e-08	5.24521156486e-09
3.47894626867e-06	-1.02085295069e-09	4.48288907031e-10	-1.48098177567e-10	-2.14263900923e-08
-1.22542039119e-06	1.89006454453e-08	-1.48098177567e-10	5.30545990899e-10	4.20877837246e-09
-0.000140389979994	5.24521156486e-09	-2.14263900923e-08	4.20877837246e-09	1.23904776333e-06

correlation matrix
==================
1.0	-0.0124323470081	0.943699174316	-0.305554324187	-0.724364133134
-0.0124323470081	1.0	-0.0558102472243	0.949827787472	0.00545442205719
0.943699174316	-0.0558102472243	1.0	-0.303675111482	-0.909129996206
-0.305554324187	0.949827787472	-0.303675111482	1.0	0.164153638919
-0.724364133134	0.00545442205719	-0.909129996206	0.164153638919	1.0

