fitting info
============
χ²:		18506.6250954
DoF:	323
χ²/DoF:	57.2960529269

parameters
==========
0	#tau	119.052649399	±	0.179790018219
1	#phi	0.00331161496889	±	0.000137746645983
2	A	-0.0489329230473	±	6.24177871367e-05
3	a	0.130486919994	±	0.0
4	b	-0.00669332250085	±	3.37029607316e-05
5	c	1.18929297653	±	0.00155180680498

covariance matrix
=================
0.0323244506513	7.06847843728e-06	8.75138957291e-06	3.26446358123e-09	0.00022075024135
7.06847843728e-06	1.89741384795e-08	1.75880741677e-09	3.82940072027e-09	4.29664623098e-08
8.75138957291e-06	1.75880741677e-09	3.89598015104e-09	-1.80740002498e-10	2.31885920141e-08
3.26446358123e-09	3.82940072027e-09	-1.80740002498e-10	1.13588956208e-09	4.32471035459e-09
0.00022075024135	4.29664623098e-08	2.31885920141e-08	4.32471035459e-09	2.40810435998e-06

correlation matrix
==================
1.0	0.285416665585	0.779835628324	0.000538738728721	0.79122127907
0.285416665585	1.0	0.20456384946	0.824862817608	0.201006875157
0.779835628324	0.20456384946	1.0	-0.0859167542144	0.239402322755
0.000538738728721	0.824862817608	-0.0859167542144	1.0	0.0826896816136
0.79122127907	0.201006875157	0.239402322755	0.0826896816136	1.0

