fitting info
============
χ²:		3966.41122774
DoF:	368
χ²/DoF:	10.7782913797
p-value:	0.0	r

parameters
==========
0	#tau	130.891043939	±	0.18075019776
1	#phi	1.67589165145	±	0.000709297373978
2	A	-0.0125533214197	±	1.91083230368e-05
3	a	0.130486919994	±	0.0
4	b	-0.00896741463029	±	2.98221480502e-05
5	c	1.35339498424	±	0.000768124948548

covariance matrix
=================
0.0326706339905	3.68598734608e-05	3.18656441679e-06	7.04733544684e-07	-9.30720525593e-05
3.68598734608e-05	5.03102764732e-07	3.6536568766e-09	1.76283049953e-08	-1.6128583214e-07
3.18656441679e-06	3.6536568766e-09	3.65128009279e-10	6.3673605628e-11	-1.28963330429e-08
7.04733544684e-07	1.76283049953e-08	6.3673605628e-11	8.89360514331e-10	-3.91214079886e-09
-9.30720525593e-05	-1.6128583214e-07	-1.28963330429e-08	-3.91214079886e-09	5.90015936583e-07

correlation matrix
==================
1.0	0.287505863886	0.922616774464	0.130739626816	-0.670360844552
0.287505863886	1.0	0.26957327367	0.833380399503	-0.296030184715
0.922616774464	0.26957327367	1.0	0.111737241784	-0.878641666467
0.130739626816	0.833380399503	0.111737241784	1.0	-0.170782624667
-0.670360844552	-0.296030184715	-0.878641666467	-0.170782624667	1.0

