fitting info
============
χ²:		753.535701061
DoF:	276
χ²/DoF:	2.73020181544
p-value:	0.0	r

parameters
==========
0	#tau	106.544268109	±	0.475803746866
1	#phi	-0.00711029789986	±	0.000727529454727
2	A	-0.0266384490811	±	0.0001635823161
3	a	0.130486919994	±	0.0
4	b	-0.00692706296795	±	0.000107600249277
5	c	0.501629850829	±	0.00100466294969

covariance matrix
=================
0.226389205532	6.72908057757e-05	7.40423517432e-05	9.82646463177e-06	0.000314291962535
6.72908057757e-05	5.29299107495e-07	2.89799209786e-08	7.16457833563e-08	4.13593364204e-08
7.40423517432e-05	2.89799209786e-08	2.67591741408e-08	4.12828088834e-09	6.90151249191e-08
9.82646463177e-06	7.16457833563e-08	4.12828088834e-09	1.15778136444e-08	5.26077604193e-09
0.000314291962535	4.13593364204e-08	6.90151249191e-08	5.26077604193e-09	1.00934764247e-06

correlation matrix
==================
1.0	0.194391508638	0.951296707891	0.191935876447	0.657483760798
0.194391508638	1.0	0.243506334423	0.91522268723	0.0565851660774
0.951296707891	0.243506334423	1.0	0.234541451572	0.419940285354
0.191935876447	0.91522268723	0.234541451572	1.0	0.0486649352378
0.657483760798	0.0565851660774	0.419940285354	0.0486649352378	1.0

