fitting info
============
χ²:		2322.54341747
DoF:	369
χ²/DoF:	6.29415560289
p-value:	0.0	r

parameters
==========
0	#tau	131.624740688	±	0.217838614199
1	#phi	1.69838768915	±	0.00089894509396
2	A	-0.0124440307178	±	2.35267483994e-05
3	a	0.130486919994	±	0.0
4	b	-0.00813165706303	±	3.89268575421e-05
5	c	1.37644646655	±	0.000911775006815

covariance matrix
=================
0.0474536618361	5.34527988711e-05	4.79259107129e-06	2.50338233429e-06	-0.00013434086899
5.34527988711e-05	8.08102281954e-07	6.83851377057e-09	2.9260504753e-08	-3.98966676869e-07
4.79259107129e-06	6.83851377057e-09	5.53507890249e-10	3.30889533932e-10	-1.84607253127e-08
2.50338233429e-06	2.9260504753e-08	3.30889533932e-10	1.5153002381e-09	-1.603272985e-08
-0.00013434086899	-3.98966676869e-07	-1.84607253127e-08	-1.603272985e-08	8.31333663052e-07

correlation matrix
==================
1.0	0.272962142532	0.935133468527	0.295218093956	-0.676371974603
0.272962142532	1.0	0.323345373359	0.836179086422	-0.486760998667
0.935133468527	0.323345373359	1.0	0.361303173999	-0.860595694176
0.295218093956	0.836179086422	0.361303173999	1.0	-0.451721171459
-0.676371974603	-0.486760998667	-0.860595694176	-0.451721171459	1.0

