fitting info
============
χ²:		270.062257482
DoF:	369
χ²/DoF:	0.731876036537
p-value:	3.09862430667e-05	l

parameters
==========
0	#tau	131.346381188	±	0.505810169664
1	#phi	1.68495901863	±	0.00219643713468
2	A	-0.0125249263938	±	5.52846727537e-05
3	a	0.130486919994	±	0.0
4	b	-0.00895449681209	±	8.88967254214e-05
5	c	1.38809808184	±	0.0024026319016

covariance matrix
=================
0.255843927736	0.000235989062108	2.57306528371e-05	8.09974841274e-06	-0.000816915970805
0.000235989062108	4.82433608659e-06	2.67097384602e-08	1.69107933869e-07	-1.66286374301e-06
2.57306528371e-05	2.67097384602e-08	3.05639504148e-09	9.34231058824e-10	-1.17081181439e-07
8.09974841274e-06	1.69107933869e-07	9.34231058824e-10	7.90262779065e-09	-5.54441613254e-08
-0.000816915970805	-1.66286374301e-06	-1.17081181439e-07	-5.54441613254e-08	5.77264005458e-06

correlation matrix
==================
1.0	0.212415175054	0.920149734502	0.180135043531	-0.672206318745
0.212415175054	1.0	0.219961217377	0.86608285648	-0.315101628162
0.920149734502	0.219961217377	1.0	0.190091980095	-0.881444787132
0.180135043531	0.86608285648	0.190091980095	1.0	-0.25958692599
-0.672206318745	-0.315101628162	-0.881444787132	-0.25958692599	1.0

