fitting info
============
χ²:		2717.16690789
DoF:	369
χ²/DoF:	7.36359595635
p-value:	0.0	r

parameters
==========
0	#tau	128.366196228	±	0.177029764785
1	#phi	1.68761257434	±	0.000717806944864
2	A	-0.0127377836452	±	1.94021998071e-05
3	a	0.130486919994	±	0.0
4	b	-0.00883082262311	±	3.05022909024e-05
5	c	1.33540006321	±	0.000773155186448

covariance matrix
=================
0.0313395376199	3.62104435468e-05	3.16790829107e-06	6.65269004096e-07	-9.18410076533e-05
3.62104435468e-05	5.15246810095e-07	3.7012740675e-09	1.82983157581e-08	-1.68333525121e-07
3.16790829107e-06	3.7012740675e-09	3.76445357355e-10	6.14120797351e-11	-1.31852390751e-08
6.65269004096e-07	1.82983157581e-08	6.14120797351e-11	9.30389750293e-10	-4.08448960566e-09
-9.18410076533e-05	-1.68333525121e-07	-1.31852390751e-08	-4.08448960566e-09	5.97768942331e-07

correlation matrix
==================
1.0	0.284957371677	0.922306640498	0.123202221411	-0.671001782964
0.284957371677	1.0	0.265761836252	0.835739642598	-0.303316676569
0.922306640498	0.265761836252	1.0	0.103769655216	-0.878962532028
0.123202221411	0.835739642598	0.103769655216	1.0	-0.17319632116
-0.671001782964	-0.303316676569	-0.878962532028	-0.17319632116	1.0

