fitting info
============
χ²:		3510.70053564
DoF:	368
χ²/DoF:	9.53994710772
p-value:	0.0	r

parameters
==========
0	#tau	118.648062439	±	0.147926448237
1	#phi	0.002786428698	±	0.000203203523468
2	A	-0.0491179828957	±	7.23649183753e-05
3	a	0.130486919994	±	0.0
4	b	-0.00753481405921	±	2.80968657762e-05
5	c	1.1941622699	±	0.00064628181252

covariance matrix
=================
0.0218822340881	4.05845805833e-06	1.00161239103e-05	-9.19212548373e-08	6.11317814954e-05
4.05845805833e-06	4.12916719496e-08	1.62925281933e-09	4.76339880436e-09	1.10078679851e-08
1.00161239103e-05	1.62925281933e-09	5.23668141147e-09	-8.62250015933e-11	1.68917614766e-08
-9.19212548373e-08	4.76339880436e-09	-8.62250015933e-11	7.89433866445e-10	7.85685258911e-10
6.11317814954e-05	1.10078679851e-08	1.68917614766e-08	7.85685258911e-10	4.17680181195e-07

correlation matrix
==================
1.0	0.135015614746	0.935676629501	-0.0221162880537	0.639439246219
0.135015614746	1.0	0.110797298257	0.8343107364	0.0838204608062
0.935676629501	0.110797298257	1.0	-0.0424079479044	0.361181027682
-0.0221162880537	0.8343107364	-0.0424079479044	1.0	0.0432681965514
0.639439246219	0.0838204608062	0.361181027682	0.0432681965514	1.0

