fitting info
============
χ²:		161.456880288
DoF:	183
χ²/DoF:	0.882278034361
p-value:	0.127484833181	l

parameters
==========
0	#tau	111.436934402	±	0.635414735387
1	#phi	0.607256497616	±	0.00863532642295
2	A	0.0189008058489	±	0.00014141978315
3	a	0.130486919994	±	0.0
4	b	-0.00846124750798	±	0.000315424778206
5	c	-0.040031232858	±	0.00455165845107

covariance matrix
=================
0.403751885947	-0.00245972430277	-3.89277791456e-05	-8.36151986826e-05	0.00176353579746
-0.00245972430277	7.45688624309e-05	-7.13851127568e-07	2.66856372883e-06	-3.66648800071e-05
-3.89277791456e-05	-7.13851127568e-07	1.99995550662e-08	-2.6548546324e-08	2.1275985406e-07
-8.36151986826e-05	2.66856372883e-06	-2.6548546324e-08	9.94927907065e-08	-1.26206881592e-06
0.00176353579746	-3.66648800071e-05	2.1275985406e-07	-1.26206881592e-06	2.07175946552e-05

correlation matrix
==================
1.0	-0.448281061041	-0.433203721362	-0.417188316845	0.609757754163
-0.448281061041	1.0	-0.584546041633	0.979722345411	-0.93282857934
-0.433203721362	-0.584546041633	1.0	-0.595161422047	0.330529214034
-0.417188316845	0.979722345411	-0.595161422047	1.0	-0.879058067095
0.609757754163	-0.93282857934	0.330529214034	-0.879058067095	1.0

