fitting info
============
χ²:		1152.05849163
DoF:	370
χ²/DoF:	3.11367159901
p-value:	0.0	r

parameters
==========
0	#tau	110.307268517	±	0.255615349045
1	#phi	1.70441875158	±	0.00132205544581
2	A	-0.00965458413218	±	2.69020716965e-05
3	a	0.130486919994	±	0.0
4	b	-0.00821741193985	±	6.29448606381e-05
5	c	1.37687974138	±	0.00101434950268

covariance matrix
=================
0.0653392066675	0.00010691721167	6.45318869319e-06	4.58386896826e-06	-0.000192841251914
0.00010691721167	1.7478306018e-06	1.27800432248e-08	7.2835434528e-08	-6.72064400101e-07
6.45318869319e-06	1.27800432248e-08	7.23721461566e-10	5.52233690522e-10	-2.46874797847e-08
4.58386896826e-06	7.2835434528e-08	5.52233690522e-10	3.96205548075e-09	-2.71581005671e-08
-0.000192841251914	-6.72064400101e-07	-2.46874797847e-08	-2.71581005671e-08	1.02890491358e-06

correlation matrix
==================
1.0	0.316381460204	0.938429625931	0.284895106586	-0.743747284502
0.316381460204	1.0	0.359332854544	0.875251310564	-0.501156769361
0.938429625931	0.359332854544	1.0	0.326119596491	-0.904697543203
0.284895106586	0.875251310564	0.326119596491	1.0	-0.425354953954
-0.743747284502	-0.501156769361	-0.904697543203	-0.425354953954	1.0

