fitting info
============
χ²:		100993.534985
DoF:	317
χ²/DoF:	318.591593014

parameters
==========
0	#tau	136.51152578	±	0.167025397366
1	#phi	0.0160453716229	±	0.000112442782385
2	A	-0.0418610380458	±	3.90508226867e-05
3	a	0.130486919994	±	0.0
4	b	-0.00427651109475	±	2.91084281136e-05
5	c	1.17446559054	±	0.00152249855612

covariance matrix
=================
0.0278974833653	3.66853518819e-06	3.88958658675e-06	-5.18427579103e-07	0.000203042263277
3.66853518819e-06	1.26433793105e-08	9.91903705852e-10	2.5829234421e-09	6.15894275861e-09
3.88958658675e-06	9.91903705852e-10	1.52496675251e-09	-1.21495017652e-10	-1.74287951348e-10
-5.18427579103e-07	2.5829234421e-09	-1.21495017652e-10	8.47300587242e-10	-2.33323976965e-09
0.000203042263277	6.15894275861e-09	-1.74287951348e-10	-2.33323976965e-09	2.3180018534e-06

correlation matrix
==================
1.0	0.195334336575	0.596335608188	-0.106631821893	0.798448745171
0.195334336575	1.0	0.225895584272	0.789152972161	0.0359763992909
0.596335608188	0.225895584272	1.0	-0.106883219534	-0.00293143512939
-0.106631821893	0.789152972161	-0.106883219534	1.0	-0.0526482241919
0.798448745171	0.0359763992909	-0.00293143512939	-0.0526482241919	1.0

