fitting info
============
χ²:		1962.57316257
DoF:	369
χ²/DoF:	5.31862645684
p-value:	0.0	r

parameters
==========
0	#tau	116.017577393	±	0.190103948435
1	#phi	-0.00355379523236	±	0.000263634177503
2	A	-0.0497586303942	±	0.00010075060389
3	a	0.130486919994	±	0.0
4	b	-0.00812327097353	±	3.87879072757e-05
5	c	1.13243460885	±	0.000691317985724

covariance matrix
=================
0.0361395112105	7.03047280128e-06	1.82304969764e-05	1.74874715519e-06	7.02467642939e-05
7.03047280128e-06	6.95029795476e-08	5.52174863907e-09	8.41566454021e-09	-6.48050526258e-09
1.82304969764e-05	5.52174863907e-09	1.01506841843e-08	1.20332529769e-09	2.01059053906e-08
1.74874715519e-06	8.41566454021e-09	1.20332529769e-09	1.50450175083e-09	-2.0599460098e-09
7.02467642939e-05	-6.48050526258e-09	2.01059053906e-08	-2.0599460098e-09	4.77920557385e-07

correlation matrix
==================
1.0	0.140278684259	0.95183071005	0.237158958839	0.534511842158
0.140278684259	1.0	0.207886967156	0.822982035679	-0.0355573429313
0.95183071005	0.207886967156	1.0	0.307920809881	0.288667652723
0.237158958839	0.822982035679	0.307920809881	1.0	-0.0768212966489
0.534511842158	-0.0355573429313	0.288667652723	-0.0768212966489	1.0

