fitting info
============
χ²:		1235.00867495
DoF:	369
χ²/DoF:	3.34690697818
p-value:	0.0	r

parameters
==========
0	#tau	109.207477317	±	0.271224416411
1	#phi	-1.4247175701	±	0.00134177621188
2	A	-0.00819540304606	±	2.40139074014e-05
3	a	0.130486919994	±	0.0
4	b	-0.00661389064603	±	6.46958621882e-05
5	c	1.37833543088	±	0.000905725321121

covariance matrix
=================
0.0735626840577	0.000111954013537	6.06587298996e-06	3.31166682561e-06	-0.000183063720664
0.000111954013537	1.80036340276e-06	9.67721546764e-09	7.56826037939e-08	-4.71167253728e-07
6.06587298996e-06	9.67721546764e-09	5.76667748684e-10	2.71593118254e-10	-1.98987387416e-08
3.31166682561e-06	7.56826037939e-08	2.71593118254e-10	4.18555458428e-09	-1.53433794337e-08
-0.000183063720664	-4.71167253728e-07	-1.98987387416e-08	-1.53433794337e-08	8.2033835732e-07

correlation matrix
==================
1.0	0.307631495055	0.931325936002	0.188730177853	-0.745207113925
0.307631495055	1.0	0.300336068361	0.871845383183	-0.387702411023
0.931325936002	0.300336068361	1.0	0.174815293939	-0.914884371902
0.188730177853	0.871845383183	0.174815293939	1.0	-0.261847246092
-0.745207113925	-0.387702411023	-0.914884371902	-0.261847246092	1.0

