fitting info
============
χ²:		3394.6438263
DoF:	370
χ²/DoF:	9.17471304406
p-value:	0.0	r

parameters
==========
0	#tau	160.536717204	±	0.533551736336
1	#phi	1.53932452696	±	0.0016637026763
2	A	-0.00401839502213	±	1.40296184293e-05
3	a	0.130486919994	±	0.0
4	b	-0.00900159283485	±	6.48889771555e-05
5	c	0.525435041038	±	0.00062916915728

covariance matrix
=================
0.284677455347	8.8105231491e-05	6.71217270397e-06	5.19376942468e-06	-0.000182463642882
8.8105231491e-05	2.76790659514e-06	3.37980877982e-09	8.77245291683e-08	-1.64600534952e-07
6.71217270397e-06	3.37980877982e-09	1.9683019327e-10	1.80359918939e-10	-7.2838064609e-09
5.19376942468e-06	8.77245291683e-08	1.80359918939e-10	4.21057935628e-09	-7.33652683423e-09
-0.000182463642882	-1.64600534952e-07	-7.2838064609e-09	-7.33652683423e-09	3.95853828472e-07

correlation matrix
==================
1.0	0.0992543258244	0.896686694086	0.150015177222	-0.543541087486
0.0992543258244	1.0	0.144800664577	0.812595480055	-0.157249076046
0.896686694086	0.144800664577	1.0	0.198117684515	-0.825173197798
0.150015177222	0.812595480055	0.198117684515	1.0	-0.179701688229
-0.543541087486	-0.157249076046	-0.825173197798	-0.179701688229	1.0

