fitting info
============
χ²:		2990.07092262
DoF:	370
χ²/DoF:	8.08127276384
p-value:	0.0	r

parameters
==========
0	#tau	163.990061796	±	0.507380661933
1	#phi	1.56174749894	±	0.0015257884468
2	A	-0.00429076323534	±	1.38072487236e-05
3	a	0.130486919994	±	0.0
4	b	-0.00861889995911	±	5.82918649634e-05
5	c	0.673724233852	±	0.000621810860542

covariance matrix
=================
0.257435136104	4.75413458216e-05	6.28031202484e-06	3.05509261458e-06	-0.000167090782739
4.75413458216e-05	2.3280303844e-06	2.28020086234e-09	7.1547130406e-08	-1.43406167571e-07
6.28031202484e-06	2.28020086234e-09	1.90640117314e-10	1.27480246838e-10	-7.00158276016e-09
3.05509261458e-06	7.1547130406e-08	1.27480246838e-10	3.39794152091e-09	-6.09150367989e-09
-0.000167090782739	-1.43406167571e-07	-7.00158276016e-09	-6.09150367989e-09	3.86648746287e-07

correlation matrix
==================
1.0	0.0614105856272	0.896479085978	0.103295765744	-0.529615003327
0.0614105856272	1.0	0.108235975375	0.804433128513	-0.151152454702
0.896479085978	0.108235975375	1.0	0.158390014025	-0.81551278726
0.103295765744	0.804433128513	0.158390014025	1.0	-0.168057638857
-0.529615003327	-0.151152454702	-0.81551278726	-0.168057638857	1.0

