fitting info
============
χ²:		2507.11096479
DoF:	370
χ²/DoF:	6.77597558051
p-value:	0.0	r

parameters
==========
0	#tau	122.891938085	±	0.419643040858
1	#phi	0.000707495486773	±	0.00043813776916
2	A	-0.0290590270719	±	9.83861595267e-05
3	a	0.130486919994	±	0.0
4	b	-0.00769609989905	±	7.69489194525e-05
5	c	0.993668479687	±	0.00162983260675

covariance matrix
=================
0.17610028174	2.4276067242e-05	3.61004211388e-05	4.25284417402e-06	0.000495835716459
2.4276067242e-05	1.91964704764e-07	8.07089858593e-09	2.79783744953e-08	2.17320159923e-08
3.61004211388e-05	8.07089858593e-09	9.67983638642e-09	1.39620857753e-09	5.04405071346e-08
4.25284417402e-06	2.79783744953e-08	1.39620857753e-09	5.92113620491e-09	2.19229593304e-09
0.000495835716459	2.17320159923e-08	5.04405071346e-08	2.19229593304e-09	2.65635432601e-06

correlation matrix
==================
1.0	0.132034557329	0.874376012154	0.131703379541	0.724961226361
0.132034557329	1.0	0.187230755295	0.829868462998	0.0304331089781
0.874376012154	0.187230755295	1.0	0.184422441725	0.314559230599
0.131703379541	0.829868462998	0.184422441725	1.0	0.017480491936
0.724961226361	0.0304331089781	0.314559230599	0.017480491936	1.0

