fitting info
============
χ²:		288.736351848
DoF:	182
χ²/DoF:	1.58646347169
p-value:	7.84057356151e-07	r

parameters
==========
0	#tau	149.860642436	±	1.07649424971
1	#phi	0.546899492548	±	0.00799802067112
2	A	0.00905540916011	±	7.95768548224e-05
3	a	0.130486919994	±	0.0
4	b	-0.0104871222843	±	0.000270233006713
5	c	0.221334854368	±	0.0019142767535

covariance matrix
=================
1.15883986966	-0.00291156128038	-4.37705253173e-05	-8.87638481676e-05	0.000776751863368
-0.00291156128038	6.39683346557e-05	-3.72616084191e-07	2.07798896014e-06	-1.20947929132e-05
-4.37705253173e-05	-3.72616084191e-07	6.33247582342e-09	-1.25539248396e-08	3.63710336499e-08
-8.87638481676e-05	2.07798896014e-06	-1.25539248396e-08	7.30258779173e-08	-3.60105557288e-07
0.000776751863368	-1.20947929132e-05	3.63710336499e-08	-3.60105557288e-07	3.664455489e-06

correlation matrix
==================
1.0	-0.338167369056	-0.510955730675	-0.305130776475	0.376934478085
-0.338167369056	1.0	-0.585453363074	0.961440295819	-0.789971073814
-0.510955730675	-0.585453363074	1.0	-0.583786920565	0.238761417232
-0.305130776475	0.961440295819	-0.583786920565	1.0	-0.696124156771
0.376934478085	-0.789971073814	0.238761417232	-0.696124156771	1.0

