fitting info
============
χ²:		871.025572802
DoF:	182
χ²/DoF:	4.78585479562
p-value:	0.0	r

parameters
==========
0	#tau	111.784306724	±	0.282095447574
1	#phi	0.646253626458	±	0.00331934197776
2	A	0.0197562438935	±	5.396185781e-05
3	a	0.130486919994	±	0.0
4	b	-0.00767487948365	±	0.000113721338656
5	c	-0.275789095529	±	0.00229493524276

covariance matrix
=================
0.079577841542	-0.000550046945626	-8.38629644919e-06	-1.62843631283e-05	0.000490738190073
-0.000550046945626	1.10180311654e-05	-5.64523983653e-08	3.67271486207e-07	-6.86891337687e-06
-8.38629644919e-06	-5.64523983653e-08	2.91188209831e-09	-2.42698213358e-09	-6.00501061652e-09
-1.62843631283e-05	3.67271486207e-07	-2.42698213358e-09	1.29325428657e-08	-2.12779783592e-07
0.000490738190073	-6.86891337687e-06	-6.00501061652e-09	-2.12779783592e-07	5.26672776845e-06

correlation matrix
==================
1.0	-0.587423993679	-0.550918351728	-0.507613001705	0.758024676677
-0.587423993679	1.0	-0.315169008941	0.972956112627	-0.901707342238
-0.550918351728	-0.315169008941	1.0	-0.395492017936	-0.0484904764046
-0.507613001705	0.972956112627	-0.395492017936	1.0	-0.815300979725
0.758024676677	-0.901707342238	-0.0484904764046	-0.815300979725	1.0

