fitting info
============
χ²:		1131.54866561
DoF:	182
χ²/DoF:	6.21730036049
p-value:	0.0	r

parameters
==========
0	#tau	121.343317634	±	0.282411038382
1	#phi	0.650544805107	±	0.00258453361897
2	A	0.0243881449173	±	5.23050296498e-05
3	a	0.130486919994	±	0.0
4	b	-0.00820167467311	±	8.41631775096e-05
5	c	-0.510098725946	±	0.00219802777251

covariance matrix
=================
0.0797559945999	-0.000468752051846	-8.58698059055e-06	-1.19340567205e-05	0.000469994082628
-0.000468752051846	6.6798140276e-06	-2.82318734542e-08	2.08207544722e-07	-5.04127945601e-06
-8.58698059055e-06	-2.82318734542e-08	2.73581612667e-09	-1.53764563472e-09	-1.64811225516e-08
-1.19340567205e-05	2.08207544722e-07	-1.53764563472e-09	7.08344044851e-09	-1.437802583e-07
0.000469994082628	-5.04127945601e-06	-1.64811225516e-08	-1.437802583e-07	4.83132608874e-06

correlation matrix
==================
1.0	-0.642213348762	-0.581320128644	-0.502093161644	0.75714236432
-0.642213348762	1.0	-0.208840180709	0.957176777636	-0.887412233313
-0.581320128644	-0.208840180709	1.0	-0.349293644411	-0.143354113901
-0.502093161644	0.957176777636	-0.349293644411	1.0	-0.777219987051
0.75714236432	-0.887412233313	-0.143354113901	-0.777219987051	1.0

