fitting info
============
χ²:		1364.63546976
DoF:	370
χ²/DoF:	3.68820397233
p-value:	0.0	r

parameters
==========
0	#tau	109.999762246	±	0.191335787145
1	#phi	-0.00510218091875	±	0.000283640585884
2	A	-0.0482081054129	±	0.000105498742226
3	a	0.130486919994	±	0.0
4	b	-0.00815601446027	±	4.2930445119e-05
5	c	1.11889860267	±	0.000669723705531

covariance matrix
=================
0.0366093834425	7.52538696971e-06	1.92241508915e-05	1.81257927202e-06	7.07356874937e-05
7.52538696971e-06	8.04519819603e-08	6.04097521738e-09	1.01967519466e-08	-4.72252807249e-09
1.92241508915e-05	6.04097521738e-09	1.11299846114e-08	1.29089124568e-09	2.19813080414e-08
1.81257927202e-06	1.01967519466e-08	1.29089124568e-09	1.84302311811e-09	-1.65945565566e-09
7.07356874937e-05	-4.72252807249e-09	2.19813080414e-08	-1.65945565566e-09	4.4852984175e-07

correlation matrix
==================
1.0	0.138664169835	0.952365550108	0.220665993797	0.552009688203
0.138664169835	1.0	0.201879117866	0.83739061503	-0.0248605368605
0.952365550108	0.201879117866	1.0	0.285021080563	0.311107570227
0.220665993797	0.83739061503	0.285021080563	1.0	-0.057717111543
0.552009688203	-0.0248605368605	0.311107570227	-0.057717111543	1.0

