fitting info
============
χ²:		119.831905179
DoF:	370
χ²/DoF:	0.323870013997
p-value:	2.38430670689e-38	l

parameters
==========
0	#tau	113.164392566	±	0.632221166301
1	#phi	1.69185440634	±	0.00327588856266
2	A	-0.0107036197749	±	7.29430732269e-05
3	a	0.130486919994	±	0.0
4	b	-0.00846877943373	±	0.000146637058469
5	c	1.34458100742	±	0.00295260700352

covariance matrix
=================
0.39970360312	0.000540646950076	4.29998863736e-05	1.86451899078e-05	-0.00138363798924
0.000540646950076	1.0731445875e-05	6.34911991183e-08	4.24835954358e-07	-3.49196127409e-06
4.29998863736e-05	6.34911991183e-08	5.32069193178e-09	2.15819439895e-09	-1.9659111914e-07
1.86451899078e-05	4.24835954358e-07	2.15819439895e-09	2.15024269164e-08	-1.21300279469e-07
-0.00138363798924	-3.49196127409e-06	-1.9659111914e-07	-1.21300279469e-07	8.71788811725e-06

correlation matrix
==================
1.0	0.261045136304	0.932425665863	0.201119434604	-0.741221145518
0.261045136304	1.0	0.265705382789	0.884399329398	-0.361022819329
0.932425665863	0.265705382789	1.0	0.201772866552	-0.912796975605
0.201119434604	0.884399329398	0.201772866552	1.0	-0.280164055753
-0.741221145518	-0.361022819329	-0.912796975605	-0.280164055753	1.0

