fitting info
============
χ²:		74670.2706557
DoF:	296
χ²/DoF:	252.264427891

parameters
==========
0	#tau	118.849643416	±	0.164432522884
1	#phi	0.00686967365312	±	0.000165210829356
2	A	-0.0235988665572	±	3.03194141933e-05
3	a	0.130486919994	±	0.0
4	b	-0.00375017465503	±	3.49807309684e-05
5	c	0.517536169627	±	0.000652888866178

covariance matrix
=================
0.027038054582	9.77356347481e-06	3.98185097901e-06	1.77816477369e-07	8.1676462135e-05
9.77356347481e-06	2.72946181364e-08	1.82219271021e-09	4.8930223465e-09	1.79354104048e-08
3.98185097901e-06	1.82219271021e-09	9.19266877024e-10	2.48283229536e-11	4.43927502078e-09
1.77816477369e-07	4.8930223465e-09	2.48283229536e-11	1.22365153909e-09	1.06118960321e-09
8.1676462135e-05	1.79354104048e-08	4.43927502078e-09	1.06118960321e-09	4.26263871579e-07

correlation matrix
==================
1.0	0.359771458078	0.798686743866	0.0309140141805	0.760799003305
0.359771458078	1.0	0.363776790992	0.84666149176	0.166277522462
0.798686743866	0.363776790992	1.0	0.0234097997908	0.224260085102
0.0309140141805	0.84666149176	0.0234097997908	1.0	0.0464648825223
0.760799003305	0.166277522462	0.224260085102	0.0464648825223	1.0

