fitting info
============
χ²:		2950.59973516
DoF:	369
χ²/DoF:	7.99620524435
p-value:	0.0	r

parameters
==========
0	#tau	117.068604222	±	0.190394321505
1	#phi	-0.00309709028152	±	0.000263793627168
2	A	-0.0490805863065	±	9.76229938947e-05
3	a	0.130486919994	±	0.0
4	b	-0.00844003685204	±	3.81338943625e-05
5	c	1.14798519181	±	0.000703651001601

covariance matrix
=================
0.0362499976613	7.11078054076e-06	1.76457802164e-05	1.74506252762e-06	7.3685335151e-05
7.11078054076e-06	6.95870777343e-08	5.45395639881e-09	8.28698536988e-09	-5.30799108855e-09
1.76457802164e-05	5.45395639881e-09	9.53024893697e-09	1.16336748262e-09	2.05090362653e-08
1.74506252762e-06	8.28698536988e-09	1.16336748262e-09	1.45419389925e-09	-1.7226841012e-09
7.3685335151e-05	-5.30799108855e-09	2.05090362653e-08	-1.7226841012e-09	4.95124732054e-07

correlation matrix
==================
1.0	0.141579046893	0.949368355772	0.24035094956	0.550008956306
0.141579046893	1.0	0.211785020722	0.823798721259	-0.0285962164326
0.949368355772	0.211785020722	1.0	0.312502602906	0.298562886201
0.24035094956	0.823798721259	0.312502602906	1.0	-0.064200317556
0.550008956306	-0.0285962164326	0.298562886201	-0.064200317556	1.0

