fitting info
============
χ²:		85.7205529266
DoF:	369
χ²/DoF:	0.232305021481
p-value:	1.35760078387e-57	l

parameters
==========
0	#tau	116.419682305	±	0.741879812183
1	#phi	1.56427059064	±	0.00342773539425
2	A	-0.0107198267855	±	8.39270534006e-05
3	a	0.130486919994	±	0.0
4	b	-0.00843955155111	±	0.000154489406466
5	c	1.53995852499	±	0.00339294895098

covariance matrix
=================
0.550385655724	0.000282861620125	5.80831645583e-05	1.20207849353e-05	-0.0018728014129
0.000282861620125	1.1749369933e-05	4.21300724087e-08	4.62179207863e-07	-2.00015531128e-06
5.80831645583e-05	4.21300724087e-08	7.0437502925e-09	1.75893375469e-09	-2.61610047031e-07
1.20207849353e-05	4.62179207863e-07	1.75893375469e-09	2.38669767102e-08	-8.0015076765e-08
-0.0018728014129	-2.00015531128e-06	-2.61610047031e-07	-8.0015076765e-08	1.1512102584e-05

correlation matrix
==================
1.0	0.111232880065	0.932856283195	0.104881905545	-0.744013557743
0.111232880065	1.0	0.146447829996	0.872779245502	-0.171980459647
0.932856283195	0.146447829996	1.0	0.13565905983	-0.918702964355
0.104881905545	0.872779245502	0.13565905983	1.0	-0.152649644107
-0.744013557743	-0.171980459647	-0.918702964355	-0.152649644107	1.0

