fitting info
============
χ²:		237.828659751
DoF:	369
χ²/DoF:	0.644522113147
p-value:	1.56188929731e-08	l

parameters
==========
0	#tau	123.774682818	±	0.499710438453
1	#phi	1.70697381848	±	0.00234656764414
2	A	-0.0128808649956	±	6.09988079679e-05
3	a	0.130486919994	±	0.0
4	b	-0.00813576791832	±	9.82742061518e-05
5	c	1.41393179918	±	0.00257988537003

covariance matrix
=================
0.249710522299	0.000275078797678	2.82033014241e-05	9.12298451408e-06	-0.000902345869817
0.000275078797678	5.50637970853e-06	3.3102406966e-08	2.01531279468e-07	-2.02647189177e-06
2.82033014241e-05	3.3102406966e-08	3.72085457351e-09	1.09912425287e-09	-1.40479480489e-07
9.12298451408e-06	2.01531279468e-07	1.09912425287e-09	9.65781959477e-09	-6.69910171559e-08
-0.000902345869817	-2.02647189177e-06	-1.40479480489e-07	-6.69910171559e-08	6.6558085225e-06

correlation matrix
==================
1.0	0.234587905582	0.925252312684	0.185771450394	-0.699929347593
0.234587905582	1.0	0.231262463404	0.873916299976	-0.334739602769
0.925252312684	0.231262463404	1.0	0.183352104227	-0.892670400668
0.185771450394	0.873916299976	0.183352104227	1.0	-0.264226649565
-0.699929347593	-0.334739602769	-0.892670400668	-0.264226649565	1.0

