fitting info
============
χ²:		2938.94594241
DoF:	130
χ²/DoF:	22.6072764801

parameters
==========
0	#tau	182.16494495	±	1.02847283691
1	#phi	0.440256539283	±	0.00499948359995
2	A	0.0161619989938	±	6.95551794971e-05
3	a	0.130486919994	±	0.0
4	b	-0.0105018218899	±	0.000123726383559
5	c	-0.109345329265	±	0.00365736791044

covariance matrix
=================
1.05775637625	-0.00422668384368	-5.34636044306e-05	-0.000101312307974	0.0034958527316
-0.00422668384368	2.49948362661e-05	8.77769962663e-08	6.10406125371e-07	-1.75617917449e-05
-5.34636044306e-05	8.77769962663e-08	4.83792299487e-09	1.9373986597e-09	-1.22543451941e-07
-0.000101312307974	6.10406125371e-07	1.9373986597e-09	1.53082179885e-08	-4.171474053e-07
0.0034958527316	-1.75617917449e-05	-1.22543451941e-07	-4.171474053e-07	1.33763400323e-05

correlation matrix
==================
1.0	-0.822018874789	-0.747370468412	-0.796172300568	0.92937642746
-0.822018874789	1.0	0.252421353655	0.986805169723	-0.960450583282
-0.747370468412	0.252421353655	1.0	0.225126801055	-0.481717012234
-0.796172300568	0.986805169723	0.225126801055	1.0	-0.921846428646
0.92937642746	-0.960450583282	-0.481717012234	-0.921846428646	1.0

