fitting info
============
χ²:		486.67837473
DoF:	182
χ²/DoF:	2.67405700401
p-value:	0.0	r

parameters
==========
0	#tau	139.931078186	±	0.884115620774
1	#phi	0.665007063581	±	0.00788875163659
2	A	0.00983091098903	±	7.24178093791e-05
3	a	0.130486919994	±	0.0
4	b	-0.0059094583836	±	0.00025224269151
5	c	0.147820550115	±	0.00268031861139

covariance matrix
=================
0.781660430897	-0.00228152797807	-3.89956466386e-05	-6.90742305513e-05	0.00110337993562
-0.00228152797807	6.22324023838e-05	-2.79993227122e-07	1.91842955754e-06	-1.86789148842e-05
-3.89956466386e-05	-2.79993227122e-07	5.24433911526e-09	-8.83112988524e-09	3.47810369362e-08
-6.90742305513e-05	1.91842955754e-06	-8.83112988524e-09	6.36263754203e-08	-5.44194216222e-07
0.00110337993562	-1.86789148842e-05	3.47810369362e-08	-5.44194216222e-07	7.18410785854e-06

correlation matrix
==================
1.0	-0.327121019976	-0.609062245201	-0.309733656922	0.465617823498
-0.327121019976	1.0	-0.49011033371	0.964093116226	-0.883399070263
-0.609062245201	-0.49011033371	1.0	-0.483450815404	0.179188741887
-0.309733656922	0.964093116226	-0.483450815404	1.0	-0.804912937441
0.465617823498	-0.883399070263	0.179188741887	-0.804912937441	1.0

