fitting info
============
χ²:		922.805982451
DoF:	182
χ²/DoF:	5.07036254094
p-value:	0.0	r

parameters
==========
0	#tau	121.310886828	±	0.248799494453
1	#phi	0.617582163683	±	0.002512689383
2	A	0.0220357708517	±	4.8264274989e-05
3	a	0.130486919994	±	0.0
4	b	-0.00892174740933	±	8.4075293252e-05
5	c	-0.450068124882	±	0.00188436527275

covariance matrix
=================
0.0619011884401	-0.000362111565021	-6.33444983508e-06	-1.04340724727e-05	0.000344315335179
-0.000362111565021	6.31360793543e-06	-4.2133874529e-08	2.04886465797e-07	-4.18088689687e-06
-6.33444983508e-06	-4.2133874529e-08	2.32944024022e-09	-1.71504344812e-09	-2.64754145964e-09
-1.04340724727e-05	2.04886465797e-07	-1.71504344812e-09	7.06865493541e-09	-1.24962843976e-07
0.000344315335179	-4.18088689687e-06	-2.64754145964e-09	-1.24962843976e-07	3.55083248115e-06

correlation matrix
==================
1.0	-0.579234067888	-0.52751355148	-0.498810933831	0.734415408906
-0.579234067888	1.0	-0.347429591884	0.969853361984	-0.883007764223
-0.52751355148	-0.347429591884	1.0	-0.422650073854	-0.0291106492163
-0.498810933831	0.969853361984	-0.422650073854	1.0	-0.78876461219
0.734415408906	-0.883007764223	-0.0291106492163	-0.78876461219	1.0

