fitting info
============
χ²:		2098.76627347
DoF:	370
χ²/DoF:	5.67234127966
p-value:	0.0	r

parameters
==========
0	#tau	122.100399807	±	0.447137114957
1	#phi	0.0158203369723	±	0.000506369389388
2	A	-0.0236601664356	±	8.87059134871e-05
3	a	0.130486919994	±	0.0
4	b	-0.00652293774748	±	8.50488277074e-05
5	c	0.813203160644	±	0.00136595454667

covariance matrix
=================
0.199931599572	3.87042837576e-05	3.49225393299e-05	5.86717635492e-06	0.000433824610393
3.87042837576e-05	2.56409958509e-07	1.16325838695e-08	3.61475253603e-08	7.38185269169e-09
3.49225393299e-05	1.16325838695e-08	7.86873908758e-09	1.71897091627e-09	3.7421008474e-08
5.86717635492e-06	3.61475253603e-08	1.71897091627e-09	7.23330309441e-09	3.91333891671e-10
0.000433824610393	7.38185269169e-09	3.7421008474e-08	3.91333891671e-10	1.86583182356e-06

correlation matrix
==================
1.0	0.170942822515	0.880465862718	0.154283715922	0.710292480523
0.170942822515	1.0	0.258974006486	0.839349420858	0.0106723898747
0.880465862718	0.258974006486	1.0	0.227849261052	0.308835109507
0.154283715922	0.839349420858	0.227849261052	1.0	0.00336854909979
0.710292480523	0.0106723898747	0.308835109507	0.00336854909979	1.0

