fitting info
============
χ²:		3653.73017683
DoF:	370
χ²/DoF:	9.87494642387
p-value:	0.0	r

parameters
==========
0	#tau	159.626617938	±	0.498046181151
1	#phi	1.53951704095	±	0.00160139956639
2	A	-0.0040413543155	±	1.31580342084e-05
3	a	0.130486919994	±	0.0
4	b	-0.00905446299206	±	6.08758680201e-05
5	c	0.525932568768	±	0.000608263389523

covariance matrix
=================
0.248049998559	9.5802331765e-05	5.83525875301e-06	3.04428271115e-06	-0.000162429704207
9.5802331765e-05	2.56448057122e-06	3.0106970799e-09	8.06467701045e-08	-1.16978512187e-07
5.83525875301e-06	3.0106970799e-09	1.7313386423e-10	9.30462878153e-11	-6.627077381e-09
3.04428271115e-06	8.06467701045e-08	9.30462878153e-11	3.7058713072e-09	-3.72303989706e-09
-0.000162429704207	-1.16978512187e-07	-6.627077381e-09	-3.72303989706e-09	3.69984351034e-07

correlation matrix
==================
1.0	0.120117631092	0.890429404437	0.100408435456	-0.536172038046
0.120117631092	1.0	0.142881612759	0.827260151582	-0.120092174636
0.890429404437	0.142881612759	1.0	0.116161676996	-0.828017189584
0.100408435456	0.827260151582	0.116161676996	1.0	-0.100545085033
-0.536172038046	-0.120092174636	-0.828017189584	-0.100545085033	1.0

