fitting info
============
χ²:		3892.68010299
DoF:	370
χ²/DoF:	10.5207570351
p-value:	0.0	r

parameters
==========
0	#tau	120.558035903	±	0.150969639489
1	#phi	0.000197718968039	±	0.000204992157564
2	A	-0.0471703973852	±	6.92153160262e-05
3	a	0.130486919994	±	0.0
4	b	-0.00809643658925	±	2.8105648804e-05
5	c	1.13566339357	±	0.00064738460766

covariance matrix
=================
0.0227918320475	3.83818659486e-06	9.74949117449e-06	-9.38623946927e-08	6.2654030554e-05
3.83818659486e-06	4.20217846626e-08	1.42830657277e-09	4.80965777537e-09	1.05368455262e-08
9.74949117449e-06	1.42830657277e-09	4.79075997261e-09	-8.10854340196e-11	1.59415824462e-08
-9.38623946927e-08	4.80965777537e-09	-8.10854340196e-11	7.89927494691e-10	7.51349886005e-10
6.2654030554e-05	1.05368455262e-08	1.59415824462e-08	7.51349886005e-10	4.19106830235e-07

correlation matrix
==================
1.0	0.124022139729	0.933018223467	-0.0221211854651	0.641057561552
0.124022139729	1.0	0.100665807615	0.834801679593	0.0793982622618
0.933018223467	0.100665807615	1.0	-0.041681853641	0.355767976865
-0.0221211854651	0.834801679593	-0.041681853641	1.0	0.0412939321952
0.641057561552	0.0793982622618	0.355767976865	0.0412939321952	1.0

