fitting info
============
χ²:		198.647195932
DoF:	182
χ²/DoF:	1.09146810952
p-value:	0.188895175843	r

parameters
==========
0	#tau	126.648668634	±	0.441004032604
1	#phi	0.633746039367	±	0.00469264855737
2	A	0.0239063557865	±	0.000102292626556
3	a	0.130486919994	±	0.0
4	b	-0.00834726986012	±	0.000159398095557
5	c	-0.413687506563	±	0.0034517148758

covariance matrix
=================
0.194484556773	-0.000732753633936	-2.51595478918e-05	-2.32902904766e-05	0.000766421516172
-0.000732753633936	2.2020950483e-05	-2.57295509417e-07	7.27019238614e-07	-1.49255008117e-05
-2.51595478918e-05	-2.57295509417e-07	1.04637814477e-08	-8.65912958468e-09	9.81803486644e-08
-2.32902904766e-05	7.27019238614e-07	-8.65912958468e-09	2.54077528671e-08	-4.73285581317e-07
0.000766421516172	-1.49255008117e-05	9.81803486644e-08	-4.73285581317e-07	1.19143355838e-05

correlation matrix
==================
1.0	-0.354076733447	-0.55771964455	-0.331321192711	0.503489262874
-0.354076733447	1.0	-0.536006240794	0.971951837198	-0.921458897749
-0.55771964455	-0.536006240794	1.0	-0.531063900138	0.278064358476
-0.331321192711	0.971951837198	-0.531063900138	1.0	-0.860211474475
0.503489262874	-0.921458897749	0.278064358476	-0.860211474475	1.0

