fitting info
============
χ²:		1926.95101046
DoF:	370
χ²/DoF:	5.20797570393
p-value:	0.0	r

parameters
==========
0	#tau	118.473291417	±	0.190020640844
1	#phi	-0.00650069475556	±	0.000256237063665
2	A	-0.0492486673789	±	9.57878604266e-05
3	a	0.130486919994	±	0.0
4	b	-0.008161463944	±	3.67657441854e-05
5	c	1.21782990201	±	0.000710292173812

covariance matrix
=================
0.0361078439469	5.00654954764e-06	1.72753516355e-05	1.41274341858e-06	7.50438377808e-05
5.00654954764e-06	6.56574327959e-08	4.0744645945e-09	7.69818365556e-09	-6.82805814626e-09
1.72753516355e-05	4.0744645945e-09	9.17531420511e-09	9.52897536675e-10	2.06822758492e-08
1.41274341858e-06	7.69818365556e-09	9.52897536675e-10	1.35171994551e-09	-1.96053402456e-09
7.50438377808e-05	-6.82805814626e-09	2.06822758492e-08	-1.96053402456e-09	5.04514972179e-07

correlation matrix
==================
1.0	0.102824307005	0.949108023819	0.20221769386	0.556003119256
0.102824307005	1.0	0.166003837107	0.817152206737	-0.0375161473012
0.949108023819	0.166003837107	1.0	0.270577930311	0.303984068999
0.20221769386	0.817152206737	0.270577930311	1.0	-0.0750747670288
0.556003119256	-0.0375161473012	0.303984068999	-0.0750747670288	1.0

