fitting info
============
χ²:		844.213028493
DoF:	370
χ²/DoF:	2.28165683377
p-value:	0.0	r

parameters
==========
0	#tau	109.09765362	±	0.29478416772
1	#phi	-0.00270587705285	±	0.000356366093147
2	A	-0.0457480319731	±	0.000129797040842
3	a	0.130486919994	±	0.0
4	b	-0.00776965200873	±	6.85242770941e-05
5	c	1.11955352302	±	0.00169461023879

covariance matrix
=================
0.0868977055383	1.67463260182e-05	3.40810060451e-05	3.32602511181e-06	0.0003559056789
1.67463260182e-05	1.26996792345e-07	1.03188055905e-08	2.07758359238e-08	2.17128327458e-08
3.40810060451e-05	1.03188055905e-08	1.68472718114e-08	2.01322538012e-09	7.28707758114e-08
3.32602511181e-06	2.07758359238e-08	2.01322538012e-09	4.69557655126e-09	2.33040943298e-09
0.0003559056789	2.17128327458e-08	7.28707758114e-08	2.33040943298e-09	2.87170386142e-06

correlation matrix
==================
1.0	0.159411266138	0.89072462753	0.164655751935	0.7124607389
0.159411266138	1.0	0.223083917824	0.850780776362	0.0359542542357
0.89072462753	0.223083917824	1.0	0.226351378018	0.331297970745
0.164655751935	0.850780776362	0.226351378018	1.0	0.020068639927
0.7124607389	0.0359542542357	0.331297970745	0.020068639927	1.0

