fitting info
============
χ²:		7539.71121829
DoF:	374
χ²/DoF:	20.1596556639

parameters
==========
0	#tau	120.869229748	±	0.286696032492
1	#phi	0.00236706760717	±	0.000234625692775
2	A	-0.0295313623873	±	5.9435469565e-05
3	a	0.130486919994	±	0.0
4	b	-0.00671960773438	±	5.22427228849e-05
5	c	0.985394369439	±	0.00140914090335

covariance matrix
=================
0.0821946150467	8.98751696393e-06	1.36729665112e-05	4.45120526813e-07	0.000316301767585
8.98751696393e-06	5.504921571e-08	1.89609283089e-09	9.9418512836e-09	2.53049208521e-08
1.36729665112e-05	1.89609283089e-09	3.53257504241e-09	5.36735979864e-11	2.21529546242e-08
4.45120526813e-07	9.9418512836e-09	5.36735979864e-11	2.72930209443e-09	2.88797527121e-09
0.000316301767585	2.53049208521e-08	2.21529546242e-08	2.88797527121e-09	1.98567808551e-06

correlation matrix
==================
1.0	0.133611079314	0.802408220019	0.0297187223921	0.782934651237
0.133611079314	1.0	0.135968507384	0.811084104415	0.0765376271437
0.802408220019	0.135968507384	1.0	0.0172857889662	0.264503570169
0.0297187223921	0.811084104415	0.0172857889662	1.0	0.0392295426061
0.782934651237	0.0765376271437	0.264503570169	0.0392295426061	1.0

