fitting info
============
χ²:		890.020068692
DoF:	183
χ²/DoF:	4.86349764312
p-value:	0.0	r

parameters
==========
0	#tau	110.789689435	±	0.299252724366
1	#phi	0.617193662848	±	0.00358487000087
2	A	0.0188729219981	±	5.65087136415e-05
3	a	0.130486919994	±	0.0
4	b	-0.00811300048014	±	0.000126861542946
5	c	-0.0455646010845	±	0.00216995181807

covariance matrix
=================
0.0895521930404	-0.000631697615904	-8.21156447337e-06	-1.93468415558e-05	0.000488323466859
-0.000631697615904	1.28512929232e-05	-7.84860714902e-08	4.42886403219e-07	-6.99506776186e-06
-8.21156447337e-06	-7.84860714902e-08	3.19323471741e-09	-3.32135628479e-09	3.49931226051e-09
-1.93468415558e-05	4.42886403219e-07	-3.32135628479e-09	1.60938510786e-08	-2.23861469734e-07
0.000488323466859	-6.99506776186e-06	3.49931226051e-09	-2.23861469734e-07	4.70869089276e-06

correlation matrix
==================
1.0	-0.588840555326	-0.485592950207	-0.509614730543	0.752002685545
-0.588840555326	1.0	-0.387439378255	0.973843000159	-0.899225106023
-0.485592950207	-0.387439378255	1.0	-0.463308272685	0.0285375829203
-0.509614730543	0.973843000159	-0.463308272685	1.0	-0.813203559149
0.752002685545	-0.899225106023	0.0285375829203	-0.813203559149	1.0

