fitting info
============
χ²:		3576.7320787
DoF:	320
χ²/DoF:	11.1772877459

parameters
==========
0	#tau	134.917708303	±	0.177339816936
1	#phi	1.68328629785	±	0.000878248713542
2	A	-0.0123651099898	±	1.88782409927e-05
3	a	0.130486919994	±	0.0
4	b	-0.00826483504203	±	2.32020287667e-05
5	c	1.34091529641	±	0.00102083260961

covariance matrix
=================
0.0314494106708	5.61960858274e-06	3.10926258659e-06	-1.06954932831e-06	-0.000116953120227
5.61960858274e-06	7.71320802838e-07	9.0444177074e-11	1.9255147266e-08	-5.222393935e-08
3.10926258659e-06	9.0444177074e-11	3.5638798298e-10	-1.02552073777e-10	-1.69558678135e-08
-1.06954932831e-06	1.9255147266e-08	-1.02552073777e-10	5.38334138889e-10	1.61283472297e-09
-0.000116953120227	-5.222393935e-08	-1.69558678135e-08	1.61283472297e-09	1.04209921685e-06

correlation matrix
==================
1.0	0.0360813093319	0.928730310052	-0.259937299421	-0.646027525327
0.0360813093319	1.0	0.00545508551983	0.944938102512	-0.0582502201816
0.928730310052	0.00545508551983	1.0	-0.234129943445	-0.879840525227
-0.259937299421	0.944938102512	-0.234129943445	1.0	0.0680940819701
-0.646027525327	-0.0582502201816	-0.879840525227	0.0680940819701	1.0

