fitting info
============
χ²:		1009.65656798
DoF:	370
χ²/DoF:	2.72880153509
p-value:	0.0	r

parameters
==========
0	#tau	116.050068432	±	0.290078462899
1	#phi	-0.00779594200979	±	0.000324221268097
2	A	-0.0501467925206	±	0.000127804046148
3	a	0.130486919994	±	0.0
4	b	-0.00846371395529	±	6.01170843296e-05
5	c	1.20655350869	±	0.00188877654687

covariance matrix
=================
0.084145514638	1.26253115111e-05	3.27110650858e-05	2.92751701014e-06	0.000392680899876
1.26253115111e-05	1.05119430687e-07	7.654213622e-09	1.63321057677e-08	2.39145339971e-08
3.27110650858e-05	7.654213622e-09	1.63338742117e-08	1.71843720472e-09	7.71126674184e-08
2.92751701014e-06	1.63321057677e-08	1.71843720472e-09	3.6140638283e-09	3.0681833292e-09
0.000392680899876	2.39145339971e-08	7.71126674184e-08	3.0681833292e-09	3.567476844e-06

correlation matrix
==================
1.0	0.134240980924	0.882337213272	0.167875002645	0.716710406961
0.134240980924	1.0	0.18472023626	0.837920420505	0.039051690712
0.882337213272	0.18472023626	1.0	0.223661459301	0.319448270617
0.167875002645	0.837920420505	0.223661459301	1.0	0.0270210869686
0.716710406961	0.039051690712	0.319448270617	0.0270210869686	1.0

