fitting info
============
χ²:		2803.44980212
DoF:	369
χ²/DoF:	7.59742493798
p-value:	0.0	r

parameters
==========
0	#tau	116.575533295	±	0.18929833103
1	#phi	-0.0016513162462	±	0.000262803324281
2	A	-0.0497854692164	±	9.95543424068e-05
3	a	0.130486919994	±	0.0
4	b	-0.00830249097006	±	3.82617456722e-05
5	c	1.09662960228	±	0.000701939515745

covariance matrix
=================
0.0358338581306	7.2596599272e-06	1.79062548221e-05	1.70640149815e-06	7.16495003379e-05
7.2596599272e-06	6.90655872529e-08	5.73265985233e-09	8.29399012586e-09	-7.99615725666e-09
1.79062548221e-05	5.73265985233e-09	9.91106709206e-09	1.19453344105e-09	2.01666456371e-08
1.70640149815e-06	8.29399012586e-09	1.19453344105e-09	1.46396118188e-09	-2.47769574207e-09
7.16495003379e-05	-7.99615725666e-09	2.01666456371e-08	-2.47769574207e-09	4.92719083765e-07

correlation matrix
==================
1.0	0.145928002437	0.950162240622	0.235596946915	0.539220865782
0.145928002437	1.0	0.219111469326	0.824836515561	-0.0433461750381
0.950162240622	0.219111469326	1.0	0.313598028492	0.288585009027
0.235596946915	0.824836515561	0.313598028492	1.0	-0.0922536381446
0.539220865782	-0.0433461750381	0.288585009027	-0.0922536381446	1.0

