fitting info
============
χ²:		2953.70510208
DoF:	369
χ²/DoF:	8.00462087286
p-value:	0.0	r

parameters
==========
0	#tau	115.79546424	±	0.188252955709
1	#phi	-0.00454793351414	±	0.000265011375486
2	A	-0.0493948838531	±	9.90196374415e-05
3	a	0.130486919994	±	0.0
4	b	-0.00803194363971	±	3.8777538078e-05
5	c	1.12313285805	±	0.000698426677229

covariance matrix
=================
0.0354391753333	6.44382868163e-06	1.76981073394e-05	1.55322389397e-06	7.16036036546e-05
6.44382868163e-06	7.02310291371e-08	5.18474549177e-09	8.49753262016e-09	-7.87185402435e-09
1.76981073394e-05	5.18474549177e-09	9.80488859905e-09	1.10121557354e-09	2.02398362542e-08
1.55322389397e-06	8.49753262016e-09	1.10121557354e-09	1.50369745939e-09	-2.42920540043e-09
7.16036036546e-05	-7.87185402435e-09	2.02398362542e-08	-2.42920540043e-09	4.87799823465e-07

correlation matrix
==================
1.0	0.129162863813	0.949431615295	0.212770799873	0.544593253444
0.129162863813	1.0	0.197579369218	0.826890669071	-0.0425296389968
0.949431615295	0.197579369218	1.0	0.286794474514	0.292660994047
0.212770799873	0.826890669071	0.286794474514	1.0	-0.0896939573082
0.544593253444	-0.0425296389968	0.292660994047	-0.0896939573082	1.0

