fitting info
============
χ²:		4451.39137688
DoF:	370
χ²/DoF:	12.0307875051
p-value:	0.0	r

parameters
==========
0	#tau	127.0323601	±	0.310939039646
1	#phi	0.0110218967897	±	0.000401153559244
2	A	-0.0208307308103	±	5.76908063561e-05
3	a	0.130486919994	±	0.0
4	b	-0.00678947876075	±	5.37416300326e-05
5	c	0.816564091953	±	0.00065529456595

covariance matrix
=================
0.0966830863761	1.57482602755e-05	1.65025442993e-05	7.66503984633e-07	0.000135899497209
1.57482602755e-05	1.60924178094e-07	3.64793354969e-09	1.8191171391e-08	8.33838927613e-09
1.65025442993e-05	3.64793354969e-09	3.32822913802e-09	2.17145625196e-10	1.32868991749e-08
7.66503984633e-07	1.8191171391e-08	2.17145625196e-10	2.88816279856e-09	2.72982752475e-10
0.000135899497209	8.33838927613e-09	1.32868991749e-08	2.72982752475e-10	4.29410968163e-07

correlation matrix
==================
1.0	0.126254446168	0.919960213033	0.0458699565898	0.66696958614
0.126254446168	1.0	0.157626655048	0.843799339255	0.0317201293623
0.919960213033	0.157626655048	1.0	0.0700379845407	0.351463689439
0.0458699565898	0.843799339255	0.0700379845407	1.0	0.00775153669021
0.66696958614	0.0317201293623	0.351463689439	0.00775153669021	1.0

