fitting info
============
χ²:		4233.65658317
DoF:	184
χ²/DoF:	23.0090031694

parameters
==========
0	#tau	113.842982241	±	0.268288950709
1	#phi	0.605934330157	±	0.00350501668851
2	A	0.0185479852749	±	9.29164056255e-05
3	a	0.130486919994	±	0.0
4	b	-0.00784323500057	±	0.000126022816452
5	c	-0.0405308077089	±	0.00139994808709

covariance matrix
=================
0.0719789610725	0.000546948293179	-2.15270876804e-05	1.3424024072e-05	-0.00019206993054
0.000546948293179	1.22851419867e-05	-2.84735638912e-07	4.24188560687e-07	-4.84737872998e-06
-2.15270876804e-05	-2.84735638912e-07	8.63345843436e-09	-8.60143763156e-09	1.05667934777e-07
1.3424024072e-05	4.24188560687e-07	-8.60143763156e-09	1.58817502666e-08	-1.69479581821e-07
-0.00019206993054	-4.84737872998e-06	1.05667934777e-07	-1.69479581821e-07	1.95985464654e-06

correlation matrix
==================
1.0	0.581638832927	-0.863555175914	0.39703679277	-0.511381085779
0.581638832927	1.0	-0.874297703497	0.960328197685	-0.987881679199
-0.863555175914	-0.874297703497	1.0	-0.734563698525	0.812341960552
0.39703679277	0.960328197685	-0.734563698525	1.0	-0.960630277905
-0.511381085779	-0.987881679199	0.812341960552	-0.960630277905	1.0

