fitting info
============
χ²:		2589.80207125
DoF:	369
χ²/DoF:	7.01843379742
p-value:	0.0	r

parameters
==========
0	#tau	124.157146371	±	0.202904483308
1	#phi	0.00471830821752	±	0.000262141429362
2	A	-0.044322416627	±	8.62781533227e-05
3	a	0.130486919994	±	0.0
4	b	-0.00758795364939	±	3.6452581506e-05
5	c	1.08225629164	±	0.000718253776938

covariance matrix
=================
0.0411702293463	7.72245004157e-06	1.653537537e-05	1.61206819073e-06	8.09929439603e-05
7.72245004157e-06	6.87181289877e-08	5.00627892438e-09	7.80151766794e-09	-7.16646690161e-09
1.653537537e-05	5.00627892438e-09	7.44391974078e-09	9.37454722046e-10	1.78552836055e-08
1.61206819073e-06	7.80151766794e-09	9.37454722046e-10	1.32879069845e-09	-2.18019176876e-09
8.09929439603e-05	-7.16646690161e-09	1.78552836055e-08	-2.18019176876e-09	5.15888488086e-07

correlation matrix
==================
1.0	0.14518702327	0.944542652716	0.217953313415	0.55574763545
0.14518702327	1.0	0.221349496525	0.816422835528	-0.03806199237
0.944542652716	0.221349496525	1.0	0.298071992242	0.288129677628
0.217953313415	0.816422835528	0.298071992242	1.0	-0.0832699852146
0.55574763545	-0.03806199237	0.288129677628	-0.0832699852146	1.0

