fitting info
============
χ²:		2164.64866321
DoF:	369
χ²/DoF:	5.86625653987
p-value:	0.0	r

parameters
==========
0	#tau	128.990895294	±	0.176973281425
1	#phi	1.68123222427	±	0.000708117769781
2	A	-0.0127825012288	±	1.9351116605e-05
3	a	0.130486919994	±	0.0
4	b	-0.00877689453417	±	3.00135753017e-05
5	c	1.34398551095	±	0.000771072203959

covariance matrix
=================
0.0313195423384	3.49008138237e-05	3.15897309736e-06	6.25639877392e-07	-9.14027634346e-05
3.49008138237e-05	5.01430775879e-07	3.54557716601e-09	1.77275640733e-08	-1.57924970141e-07
3.15897309736e-06	3.54557716601e-09	3.74465713861e-10	5.69889186303e-11	-1.31080654381e-08
6.25639877392e-07	1.77275640733e-08	5.69889186303e-11	9.00814702389e-10	-3.75413336057e-09
-9.14027634346e-05	-1.57924970141e-07	-1.31080654381e-08	-3.75413336057e-09	5.94552343718e-07

correlation matrix
==================
1.0	0.278498177537	0.922427397836	0.117787440769	-0.669817630983
0.278498177537	1.0	0.258747057136	0.834114820859	-0.289234612111
0.922427397836	0.258747057136	1.0	0.0981220591355	-0.878491417941
0.117787440769	0.834114820859	0.0981220591355	1.0	-0.162217205539
-0.669817630983	-0.289234612111	-0.878491417941	-0.162217205539	1.0

