fitting info
============
χ²:		3733.70013101
DoF:	369
χ²/DoF:	10.1184285393
p-value:	0.0	r

parameters
==========
0	#tau	117.371803997	±	0.148528206917
1	#phi	0.00256868155262	±	0.000206506343417
2	A	-0.0487667878379	±	7.31446537933e-05
3	a	0.130486919994	±	0.0
4	b	-0.00751667312365	±	2.88149738833e-05
5	c	1.17089295827	±	0.000642984947021

covariance matrix
=================
0.02206062825	3.86760319525e-06	1.01672889799e-05	-1.16214737967e-07	6.11334180147e-05
3.86760319525e-06	4.26448698713e-08	1.5351858317e-09	4.97684870773e-09	1.05514507383e-08
1.01672889799e-05	1.5351858317e-09	5.35014037854e-09	-9.97988969399e-11	1.70557062075e-08
-1.16214737967e-07	4.97684870773e-09	-9.97988969399e-11	8.30302719895e-10	7.31684659273e-10
6.11334180147e-05	1.05514507383e-08	1.70557062075e-08	7.31684659273e-10	4.13429642095e-07

correlation matrix
==================
1.0	0.126095496337	0.935865937574	-0.0271540140831	0.640131110234
0.126095496337	1.0	0.101635392387	0.836378406401	0.079465381588
0.935865937574	0.101635392387	1.0	-0.0473505384723	0.362648856254
-0.0271540140831	0.836378406401	-0.0473505384723	1.0	0.0394916167353
0.640131110234	0.079465381588	0.362648856254	0.0394916167353	1.0

