fitting info
============
χ²:		1863.53007323
DoF:	369
χ²/DoF:	5.05021700063
p-value:	0.0	r

parameters
==========
0	#tau	119.124347602	±	0.19250820546
1	#phi	0.00106529764212	±	0.000260965926588
2	A	-0.0482720487634	±	9.47218156507e-05
3	a	0.130486919994	±	0.0
4	b	-0.00777464194763	±	3.71135930081e-05
5	c	1.12894198333	±	0.000708192387446

covariance matrix
=================
0.0370594091695	6.93064481346e-06	1.72927442821e-05	1.52751993593e-06	7.5058609822e-05
6.93064481346e-06	6.81032148399e-08	5.25712270932e-09	7.95702036336e-09	-7.42286504661e-09
1.72927442821e-05	5.25712270932e-09	8.97222236016e-09	1.02480765314e-09	1.98205840005e-08
1.52751993593e-06	7.95702036336e-09	1.02480765314e-09	1.37741878597e-09	-2.25006514462e-09
7.5058609822e-05	-7.42286504661e-09	1.98205840005e-08	-2.25006514462e-09	5.01536457636e-07

correlation matrix
==================
1.0	0.137955998877	0.948341289688	0.213798493409	0.550554119783
0.137955998877	1.0	0.212673948082	0.821549360372	-0.040163957976
0.948341289688	0.212673948082	1.0	0.291513951888	0.295471215203
0.213798493409	0.821549360372	0.291513951888	1.0	-0.0856073073373
0.550554119783	-0.040163957976	0.295471215203	-0.0856073073373	1.0

