fitting info
============
χ²:		1246.6589972
DoF:	370
χ²/DoF:	3.36934864107
p-value:	0.0	r

parameters
==========
0	#tau	113.177059556	±	0.208009213335
1	#phi	-1.45109858049	±	0.000988292829658
2	A	-0.0107012289857	±	2.29577947297e-05
3	a	0.130486919994	±	0.0
4	b	-0.00852431457395	±	4.63589962936e-05
5	c	1.3445140044	±	0.000875762538839

covariance matrix
=================
0.0432678328322	6.06655011865e-05	4.43793455593e-06	1.57494285813e-06	-0.000132784382874
6.06655011865e-05	9.76722717152e-07	6.56367253712e-09	3.95418706257e-08	-3.0690445784e-07
4.43793455593e-06	6.56367253712e-09	5.27060338851e-10	1.63459565147e-10	-1.82652214024e-08
1.57494285813e-06	3.95418706257e-08	1.63459565147e-10	2.14915653735e-09	-9.34304025189e-09
-0.000132784382874	-3.0690445784e-07	-1.82652214024e-08	-9.34304025189e-09	7.66960024433e-07

correlation matrix
==================
1.0	0.295102965564	0.929326141042	0.163323322127	-0.728916974427
0.295102965564	1.0	0.289288448961	0.863053149587	-0.354593841111
0.929326141042	0.289288448961	1.0	0.153584060772	-0.908465435587
0.163323322127	0.863053149587	0.153584060772	1.0	-0.230127135266
-0.728916974427	-0.354593841111	-0.908465435587	-0.230127135266	1.0

