fitting info
============
χ²:		944.854284824
DoF:	182
χ²/DoF:	5.19150705947
p-value:	0.0	r

parameters
==========
0	#tau	126.953595376	±	0.210982567649
1	#phi	0.630438846151	±	0.00203075053704
2	A	0.0239121552751	±	4.42247638784e-05
3	a	0.130486919994	±	0.0
4	b	-0.00845667315579	±	6.61727145158e-05
5	c	-0.411410137	±	0.00169899501658

covariance matrix
=================
0.0445136438516	-0.000223443959743	-5.14630786599e-06	-6.24240123893e-06	0.000244957017006
-0.000223443959743	4.12394774369e-06	-3.4097249607e-08	1.29960820688e-07	-3.00275079235e-06
-5.14630786599e-06	-3.4097249607e-08	1.9558297401e-09	-1.29182159854e-09	-4.45075419139e-10
-6.24240123893e-06	1.29960820688e-07	-1.29182159854e-09	4.37882814639e-09	-8.69096614914e-08
0.000244957017006	-3.00275079235e-06	-4.45075419139e-10	-8.69096614914e-08	2.88658406635e-06

correlation matrix
==================
1.0	-0.521513396496	-0.551548448312	-0.447122120457	0.683362599803
-0.521513396496	1.0	-0.379662103183	0.967112324825	-0.870303256301
-0.551548448312	-0.379662103183	1.0	-0.441426161171	-0.00592346711363
-0.447122120457	0.967112324825	-0.441426161171	1.0	-0.773031164762
0.683362599803	-0.870303256301	-0.00592346711363	-0.773031164762	1.0

