fitting info
============
χ²:		1161.90661056
DoF:	369
χ²/DoF:	3.1487984026
p-value:	0.0	r

parameters
==========
0	#tau	116.1570123	±	0.21020041973
1	#phi	-1.5773996254	±	0.000893211114705
2	A	-0.0107501862895	±	2.30479320715e-05
3	a	0.130486919994	±	0.0
4	b	-0.00843335676839	±	4.25080645739e-05
5	c	1.54101194999	±	0.000878896776977

covariance matrix
=================
0.0441842164549	2.35418915693e-05	4.51017812183e-06	3.31738642004e-07	-0.000135444643389
2.35418915693e-05	7.97826095432e-07	2.65013150648e-09	3.24064133352e-08	-8.53304152327e-08
4.51017812183e-06	2.65013150648e-09	5.31207172773e-10	3.90250230861e-11	-1.84906732436e-08
3.31738642004e-07	3.24064133352e-08	3.90250230861e-11	1.80693555382e-09	-1.80085068327e-09
-0.000135444643389	-8.53304152327e-08	-1.84906732436e-08	-1.80085068327e-09	7.7245954458e-07

correlation matrix
==================
1.0	0.12538733086	0.930953844504	0.0371271106166	-0.733145854638
0.12538733086	1.0	0.12873046601	0.853503913475	-0.108695576059
0.930953844504	0.12873046601	1.0	0.0398327115848	-0.912815249738
0.0371271106166	0.853503913475	0.0398327115848	1.0	-0.0482023821474
-0.733145854638	-0.108695576059	-0.912815249738	-0.0482023821474	1.0

