fitting info
============
χ²:		1465.90762648
DoF:	369
χ²/DoF:	3.97264939426
p-value:	0.0	r

parameters
==========
0	#tau	116.981272045	±	0.2974182961
1	#phi	-0.000766566782484	±	0.000348959570017
2	A	-0.0489524105127	±	0.000130341587354
3	a	0.130486919994	±	0.0
4	b	-0.00825016728557	±	6.15129886612e-05
5	c	1.12731876846	±	0.00182352851827

covariance matrix
=================
0.088457642855	1.54310141046e-05	3.44506816811e-05	3.17653375405e-06	0.000381741802478
1.54310141046e-05	1.21772781506e-07	9.88404765108e-09	1.81175875816e-08	1.27370750527e-08
3.44506816811e-05	9.88404765108e-09	1.69889293941e-08	1.95542514759e-09	7.53797435223e-08
3.17653375405e-06	1.81175875816e-08	1.95542514759e-09	3.78384777404e-09	6.53235778135e-10
0.000381741802478	1.27370750527e-08	7.53797435223e-08	6.53235778135e-10	3.32525625693e-06

correlation matrix
==================
1.0	0.148679699234	0.888683532834	0.173627681167	0.703865176074
0.148679699234	1.0	0.217308498809	0.844031058859	0.0200162185885
0.888683532834	0.217308498809	1.0	0.243888522258	0.317145891801
0.173627681167	0.844031058859	0.243888522258	1.0	0.00582358710252
0.703865176074	0.0200162185885	0.317145891801	0.00582358710252	1.0

