fitting info
============
χ²:		1817.4871602
DoF:	369
χ²/DoF:	4.92543945854
p-value:	0.0	r

parameters
==========
0	#tau	102.20734002	±	0.215101742674
1	#phi	-0.0071630497386	±	0.000344338855776
2	A	-0.032826295673	±	8.69290682294e-05
3	a	0.130486919994	±	0.0
4	b	-0.0073760960725	±	5.41340089505e-05
5	c	0.933992818361	±	0.000601013956267

covariance matrix
=================
0.0462687597013	6.95662203621e-06	1.76070241487e-05	3.10630442611e-07	8.37441173361e-05
6.95662203621e-06	1.18569247597e-07	2.42291538454e-09	1.62775151926e-08	1.49053645491e-08
1.76070241487e-05	2.42291538454e-09	7.55666290324e-09	7.62272274338e-11	2.01798621593e-08
3.10630442611e-07	1.62775151926e-08	7.62272274338e-11	2.93049092506e-09	1.77300105214e-09
8.37441173361e-05	1.49053645491e-08	2.01798621593e-08	1.77300105214e-09	3.61217775627e-07

correlation matrix
==================
1.0	0.0939222411894	0.94162288819	0.0266765643332	0.647777447082
0.0939222411894	1.0	0.0809444713439	0.873236513429	0.0720231336834
0.94162288819	0.0809444713439	1.0	0.016198504048	0.386250108029
0.0266765643332	0.873236513429	0.016198504048	1.0	0.054494697474
0.647777447082	0.0720231336834	0.386250108029	0.054494697474	1.0

