fitting info
============
χ²:		1543.73067577
DoF:	182
χ²/DoF:	8.48203668006
p-value:	0.0	r

parameters
==========
0	#tau	121.560302974	±	0.215653641295
1	#phi	0.652280224731	±	0.00221254705401
2	A	0.024301845076	±	4.67363755464e-05
3	a	0.130486919994	±	0.0
4	b	-0.00811122021084	±	7.21509899274e-05
5	c	-0.51020892262	±	0.00198958715984

covariance matrix
=================
0.0465064930038	-0.000264103218805	-5.90155364266e-06	-7.40903808538e-06	0.000311385815397
-0.000264103218805	4.8953644662e-06	-3.17911439134e-08	1.54658085967e-07	-3.89808684859e-06
-5.90155364266e-06	-3.17911439134e-08	2.18428879921e-09	-1.28123709693e-09	-6.86126968953e-09
-7.40903808538e-06	1.54658085967e-07	-1.28123709693e-09	5.2057653475e-09	-1.13635033405e-07
0.000311385815397	-3.89808684859e-06	-6.86126968953e-09	-1.13635033405e-07	3.9584570666e-06

correlation matrix
==================
1.0	-0.553508612919	-0.585537257242	-0.47617077558	0.725736657472
-0.553508612919	1.0	-0.307438753123	0.968808234394	-0.885515211269
-0.585537257242	-0.307438753123	1.0	-0.37995501514	-0.0737881277881
-0.47617077558	0.968808234394	-0.37995501514	1.0	-0.791602177904
0.725736657472	-0.885515211269	-0.0737881277881	-0.791602177904	1.0

