fitting info
============
χ²:		1512.39327703
DoF:	370
χ²/DoF:	4.08754939737
p-value:	0.0	r

parameters
==========
0	#tau	110.547215929	±	0.232015529525
1	#phi	-1.43574494758	±	0.00113086205206
2	A	-0.00962607026895	±	2.3709735517e-05
3	a	0.130486919994	±	0.0
4	b	-0.00814838365901	±	5.37326010894e-05
5	c	1.37571171447	±	0.000897015462644

covariance matrix
=================
0.0538312059407	8.00117001082e-05	5.12202516896e-06	2.22258058129e-06	-0.000153874114293
8.00117001082e-05	1.27884898079e-06	8.08297620959e-09	5.27652592704e-08	-3.88947814217e-07
5.12202516896e-06	8.08297620959e-09	5.62151558288e-10	2.15406946336e-10	-1.94007846124e-08
2.22258058129e-06	5.27652592704e-08	2.15406946336e-10	2.88719241983e-09	-1.23038475779e-08
-0.000153874114293	-3.88947814217e-07	-1.94007846124e-08	-1.23038475779e-08	8.04636740222e-07

correlation matrix
==================
1.0	0.304948718825	0.931103467973	0.178279988181	-0.739347454788
0.304948718825	1.0	0.301463654974	0.868361542035	-0.383426190722
0.931103467973	0.301463654974	1.0	0.169081125566	-0.912205434618
0.178279988181	0.868361542035	0.169081125566	1.0	-0.255271980923
-0.739347454788	-0.383426190722	-0.912205434618	-0.255271980923	1.0

