fitting info
============
χ²:		1026.30077184
DoF:	369
χ²/DoF:	2.78130290471
p-value:	0.0	r

parameters
==========
0	#tau	117.117730239	±	0.291570819132
1	#phi	-0.00400411228829	±	0.000340003350837
2	A	-0.0493204274475	±	0.000128987289356
3	a	0.130486919994	±	0.0
4	b	-0.00820674660266	±	6.09153163372e-05
5	c	1.13683490677	±	0.00179771470474

covariance matrix
=================
0.0850135425695	1.36451893721e-05	3.34256995369e-05	3.03409152221e-06	0.000364915399864
1.36451893721e-05	1.15602278581e-07	8.6689368579e-09	1.74229562101e-08	1.31119816234e-08
3.34256995369e-05	8.6689368579e-09	1.66377208154e-08	1.8504008317e-09	7.11531366795e-08
3.03409152221e-06	1.74229562101e-08	1.8504008317e-09	3.71067576446e-09	7.75909223132e-10
0.000364915399864	1.31119816234e-08	7.11531366795e-08	7.75909223132e-10	3.23177815963e-06

correlation matrix
==================
1.0	0.137642424284	0.888770296812	0.170827630186	0.696189331357
0.137642424284	1.0	0.197667707875	0.841224948161	0.0214518308524
0.888770296812	0.197667707875	1.0	0.235500804386	0.306850166309
0.170827630186	0.841224948161	0.235500804386	1.0	0.00708538803499
0.696189331357	0.0214518308524	0.306850166309	0.00708538803499	1.0

