fitting info
============
χ²:		1273.05929419
DoF:	368
χ²/DoF:	3.45940025594
p-value:	0.0	r

parameters
==========
0	#tau	117.315310292	±	0.295484088213
1	#phi	0.00187538330556	±	0.000337904026424
2	A	-0.0496307930313	±	0.000129394620916
3	a	0.130486919994	±	0.0
4	b	-0.00769718829748	±	6.093901605e-05
5	c	1.18844732678	±	0.00187967460038

covariance matrix
=================
0.0873108463868	1.54779761278e-05	3.37861710091e-05	3.12787009773e-06	0.000391907314741
1.54779761278e-05	1.14179131074e-07	1.00247686812e-08	1.73396554182e-08	1.03517285195e-08
3.37861710091e-05	1.00247686812e-08	1.6742967922e-08	1.95721021682e-09	7.49114276627e-08
3.12787009773e-06	1.73396554182e-08	1.95721021682e-09	3.71356367714e-09	2.03402360242e-10
0.000391907314741	1.03517285195e-08	7.49114276627e-08	2.03402360242e-10	3.53317660333e-06

correlation matrix
==================
1.0	0.155019633774	0.883667035328	0.173707740603	0.705613038745
0.155019633774	1.0	0.229279259695	0.842076714672	0.0162980945928
0.883667035328	0.229279259695	1.0	0.248213737441	0.307998909197
0.173707740603	0.842076714672	0.248213737441	1.0	0.00177573386636
0.705613038745	0.0162980945928	0.307998909197	0.00177573386636	1.0

