fitting info
============
χ²:		7539.71121763
DoF:	374
χ²/DoF:	20.1596556621

parameters
==========
0	#tau	120.868993471	±	0.283218733814
1	#phi	11.0026752565	±	0.000709526854058
2	A	0.00984423936142	±	1.97606212484e-05
3	a	0.130486919994	±	0.0
4	b	-0.00671961809969	±	5.26411419952e-05
5	c	-0.204430049769	±	0.000632439987137

covariance matrix
=================
0.0802128511831	2.66329336136e-05	-4.47937619736e-06	4.09489686854e-07	5.82485505868e-05
2.66329336136e-05	5.0342835663e-07	-1.92356995041e-09	3.04040920936e-08	4.30402027736e-08
-4.47937619736e-06	-1.92356995041e-09	3.90482152122e-10	-2.02228711826e-11	-1.00256226467e-08
4.09489686854e-07	3.04040920936e-08	-2.02228711826e-11	2.77108983056e-09	9.33585245022e-10
5.82485505868e-05	4.30402027736e-08	-1.00256226467e-08	9.33585245022e-10	3.9998033733e-07

correlation matrix
==================
1.0	0.132534270656	-0.800377676115	0.027466017298	0.325194974264
0.132534270656	1.0	-0.137195084865	0.814025294045	0.0959149159058
-0.800377676115	-0.137195084865	1.0	-0.0194409247416	-0.802216220381
0.027466017298	0.814025294045	-0.0194409247416	1.0	0.0280420239428
0.325194974264	0.0959149159058	-0.802216220381	0.0280420239428	1.0

