fitting info
============
χ²:		1183.84024792
DoF:	276
χ²/DoF:	4.28927626059
p-value:	0.0	r

parameters
==========
0	#tau	105.128344449	±	0.377050276957
1	#phi	-0.00748668671499	±	0.000623551656278
2	A	-0.0271066067284	±	0.000142357946403
3	a	0.130486919994	±	0.0
4	b	-0.00698085242442	±	8.60846461931e-05
5	c	0.499793268843	±	0.000637453279661

covariance matrix
=================
0.142166911354	4.66852003828e-05	5.1691935809e-05	6.86879235795e-06	0.000145255162403
4.66852003828e-05	3.88816668047e-07	2.21823761282e-08	4.90319301021e-08	1.63786649422e-08
5.1691935809e-05	2.21823761282e-08	2.0265784904e-08	3.13554988434e-09	3.67904451893e-08
6.86879235795e-06	4.90319301021e-08	3.13554988434e-09	7.41056631019e-09	1.86212270894e-09
0.000145255162403	1.63786649422e-08	3.67904451893e-08	1.86212270894e-09	4.0634668375e-07

correlation matrix
==================
1.0	0.198567206451	0.963034438159	0.211619373811	0.604343634738
0.198567206451	1.0	0.249892897917	0.913441740612	0.0412057384572
0.963034438159	0.249892897917	1.0	0.255862300979	0.405419812834
0.211619373811	0.913441740612	0.255862300979	1.0	0.0339339360997
0.604343634738	0.0412057384572	0.405419812834	0.0339339360997	1.0

