fitting info
============
χ²:		26426.6149601
DoF:	323
χ²/DoF:	81.8161453874

parameters
==========
0	#tau	124.776377049	±	0.170471289728
1	#phi	0.00749858173641	±	0.000118685544307
2	A	-0.0456035246671	±	4.99317408702e-05
3	a	0.130486919994	±	0.0
4	b	-0.00617536150156	±	3.1056025338e-05
5	c	1.16626627367	±	0.00150922909546

covariance matrix
=================
0.0290604606215	4.02597958552e-06	6.03510961635e-06	-5.56880194478e-07	0.000204341417434
4.02597958552e-06	1.40862584275e-08	7.18363673925e-10	2.9388910837e-09	2.30317093753e-08
6.03510961635e-06	7.18363673925e-10	2.49317874633e-09	-2.88767329413e-10	1.05009286753e-08
-5.56880194478e-07	2.9388910837e-09	-2.88767329413e-10	9.64476709792e-10	3.91382561366e-10
0.000204341417434	2.30317093753e-08	1.05009286753e-08	3.91382561366e-10	2.27777246258e-06

correlation matrix
==================
1.0	0.19898598794	0.709017913311	-0.105187625905	0.794236763228
0.19898598794	1.0	0.121218757747	0.797333099131	0.12857992758
0.709017913311	0.121218757747	1.0	-0.186219637134	0.139346425133
-0.105187625905	0.797333099131	-0.186219637134	1.0	0.00835026829517
0.794236763228	0.12857992758	0.139346425133	0.00835026829517	1.0

