fitting info
============
χ²:		66238.8100605
DoF:	320
χ²/DoF:	206.996281439

parameters
==========
0	#tau	115.011556179	±	0.161057065591
1	#phi	-0.00314422660127	±	0.000138080526823
2	A	-0.0334337386076	±	4.10843637661e-05
3	a	0.130486919994	±	0.0
4	b	-0.00581204917434	±	3.46192683797e-05
5	c	0.768482730633	±	0.000955247701213

covariance matrix
=================
0.0259393783769	3.90215702737e-06	5.10576399594e-06	-5.66797721074e-07	0.000119132082106
3.90215702737e-06	1.90662318876e-08	2.18321037808e-10	3.96001870578e-09	2.22051282185e-08
5.10576399594e-06	2.18321037808e-10	1.68792494607e-09	-3.00632256657e-10	7.91188187685e-09
-5.66797721074e-07	3.96001870578e-09	-3.00632256657e-10	1.19849374314e-09	1.39387685713e-09
0.000119132082106	2.22051282185e-08	7.91188187685e-09	1.39387685713e-09	9.12498170673e-07

correlation matrix
==================
1.0	0.175465817635	0.771621621642	-0.101655393949	0.774342236993
0.175465817635	1.0	0.0384845653473	0.828413020947	0.168346793447
0.771621621642	0.0384845653473	1.0	-0.211368918573	0.201598468055
-0.101655393949	0.828413020947	-0.211368918573	1.0	0.04214931497
0.774342236993	0.168346793447	0.201598468055	0.04214931497	1.0

