fitting info
============
χ²:		358.817279353
DoF:	126
χ²/DoF:	2.84775618534

parameters
==========
0	#tau	120.109571259	±	1.23112719484
1	#phi	0.618615859478	±	0.00702576427577
2	A	0.0229189631812	±	0.000292062718118
3	a	0.130486919994	±	0.0
4	b	-0.00859187651303	±	0.000154503389236
5	c	-0.494419040225	±	0.0143671297365

covariance matrix
=================
1.51567416987	-0.00733166357099	-0.000347472198776	-0.000108623634702	0.0173716954688
-0.00733166357099	4.93613636587e-05	1.42282886285e-06	9.79693306157e-07	-9.18010805526e-05
-0.000347472198776	1.42282886285e-06	8.53006313144e-08	1.57957859046e-08	-3.88117860023e-06
-0.000108623634702	9.79693306157e-07	1.57957859046e-08	2.38712972855e-08	-1.44146927682e-06
0.0173716954688	-9.18010805526e-05	-3.88117860023e-06	-1.44146927682e-06	0.000206414416866

correlation matrix
==================
1.0	-0.847629433577	-0.966364605772	-0.57106217542	0.982130660538
-0.847629433577	1.0	0.693398614079	0.902523575999	-0.909461261707
-0.966364605772	0.693398614079	1.0	0.350047600736	-0.924948371144
-0.57106217542	0.902523575999	0.350047600736	1.0	-0.649377693336
0.982130660538	-0.909461261707	-0.924948371144	-0.649377693336	1.0

