fitting info
============
χ²:		2550.82015351
DoF:	369
χ²/DoF:	6.91279174393
p-value:	0.0	r

parameters
==========
0	#tau	133.147435453	±	0.178568840707
1	#phi	1.68531854025	±	0.000697941806391
2	A	-0.0124766352918	±	1.82072585249e-05
3	a	0.130486919994	±	0.0
4	b	-0.00877134883976	±	2.89231372539e-05
5	c	1.3393929713	±	0.000738754984638

covariance matrix
=================
0.0318868308715	3.26718031373e-05	2.98487341803e-06	5.12477977234e-07	-8.51694089273e-05
3.26718031373e-05	4.87122765109e-07	3.07853033928e-09	1.67553491697e-08	-1.43258438974e-07
2.98487341803e-06	3.07853033928e-09	3.31504262992e-10	4.22277650556e-11	-1.16630130243e-08
5.12477977234e-07	1.67553491697e-08	4.22277650556e-11	8.36547868606e-10	-3.24090156624e-09
-8.51694089273e-05	-1.43258438974e-07	-1.16630130243e-08	-3.24090156624e-09	5.45758927328e-07

correlation matrix
==================
1.0	0.262149003578	0.918069755549	0.0992256904321	-0.645620824184
0.262149003578	1.0	0.242258858215	0.830020599772	-0.277843714955
0.918069755549	0.242258858215	1.0	0.0801877705974	-0.86709319441
0.0992256904321	0.830020599772	0.0801877705974	1.0	-0.151677100485
-0.645620824184	-0.277843714955	-0.86709319441	-0.151677100485	1.0

