fitting info
============
χ²:		4199.78520688
DoF:	370
χ²/DoF:	11.3507708294
p-value:	0.0	r

parameters
==========
0	#tau	126.295675169	±	0.269230087257
1	#phi	0.000922375893499	±	0.000339895962888
2	A	-0.0283896290648	±	7.01990593553e-05
3	a	0.130486919994	±	0.0
4	b	-0.00765439625663	±	4.71705006567e-05
5	c	1.00363535921	±	0.000693748052422

covariance matrix
=================
0.0724848398845	8.87077536967e-06	1.76319916943e-05	1.86075260118e-06	0.000113960703099
8.87077536967e-06	1.15529265587e-07	3.68920604844e-09	1.32445657844e-08	-5.28052896995e-09
1.76319916943e-05	3.68920604844e-09	4.92790793437e-09	6.90079803243e-10	1.53939141616e-08
1.86075260118e-06	1.32445657844e-08	6.90079803243e-10	2.22505613221e-09	-1.5897884707e-09
0.000113960703099	-5.28052896995e-09	1.53939141616e-08	-1.5897884707e-09	4.81286360239e-07

correlation matrix
==================
1.0	0.096937537624	0.932924477282	0.146519206178	0.610140356038
0.096937537624	1.0	0.15461641985	0.826078335665	-0.0223938954542
0.932924477282	0.15461641985	1.0	0.208399915455	0.316093809736
0.146519206178	0.826078335665	0.208399915455	1.0	-0.0485810705022
0.610140356038	-0.0223938954542	0.316093809736	-0.0485810705022	1.0

