fitting info
============
χ²:		2379.92720412
DoF:	370
χ²/DoF:	6.43223568682
p-value:	0.0	r

parameters
==========
0	#tau	110.369756278	±	0.161184227058
1	#phi	-0.00108357395588	±	0.000235981039086
2	A	-0.0451991472927	±	8.02590714822e-05
3	a	0.130486919994	±	0.0
4	b	-0.00749248757634	±	3.45709198315e-05
5	c	1.12409634654	±	0.000627692175273

covariance matrix
=================
0.0259803550524	4.77208916062e-06	1.21595556628e-05	3.94765862111e-09	6.52485555997e-05
4.77208916062e-06	5.56870508082e-08	1.94385285709e-09	6.93975989412e-09	1.28364347044e-08
1.21595556628e-05	1.94385285709e-09	6.44151855519e-09	-5.00418281797e-11	1.9097549575e-08
3.94765862111e-09	6.93975989412e-09	-5.00418281797e-11	1.195148498e-09	1.17127119998e-09
6.52485555997e-05	1.28364347044e-08	1.9097549575e-08	1.17127119998e-09	3.93997466899e-07

correlation matrix
==================
1.0	0.12546104462	0.939941950711	0.000708444957512	0.644913764709
0.12546104462	1.0	0.102634210774	0.850660761682	0.0866603806017
0.939941950711	0.102634210774	1.0	-0.01803549645	0.379085174571
0.000708444957512	0.850660761682	-0.01803549645	1.0	0.0539758903444
0.644913764709	0.0866603806017	0.379085174571	0.0539758903444	1.0

