fitting info
============
χ²:		320.767839532
DoF:	369
χ²/DoF:	0.869289538026
p-value:	0.0332914946385	l

parameters
==========
0	#tau	131.438421469	±	0.4790085265
1	#phi	1.70481042525	±	0.00207403105709
2	A	-0.0124462897414	±	5.15751298103e-05
3	a	0.130486919994	±	0.0
4	b	-0.00823615969885	±	8.38693913363e-05
5	c	1.31914516206	±	0.0022348220226

covariance matrix
=================
0.229449168459	0.000225027562172	2.27107136269e-05	7.60497786258e-06	-0.000715825762043
0.000225027562172	4.30160482578e-06	2.41881771411e-08	1.50719000621e-07	-1.52222117235e-06
2.27107136269e-05	2.41881771411e-08	2.65999401495e-09	8.31438678451e-10	-1.01277019891e-07
7.60497786258e-06	1.50719000621e-07	8.31438678451e-10	7.03407480312e-09	-5.01914564538e-08
-0.000715825762043	-1.52222117235e-06	-1.01277019891e-07	-5.01914564538e-08	4.99442947269e-06

correlation matrix
==================
1.0	0.226504698846	0.919278720683	0.189300263682	-0.668684317391
0.226504698846	1.0	0.226124466594	0.866461478007	-0.328412410495
0.919278720683	0.226124466594	1.0	0.192214613644	-0.878673728279
0.189300263682	0.866461478007	0.192214613644	1.0	-0.267783223146
-0.668684317391	-0.328412410495	-0.878673728279	-0.267783223146	1.0

