fitting info
============
χ²:		4427.26937425
DoF:	369
χ²/DoF:	11.9980199844
p-value:	0.0	r

parameters
==========
0	#tau	118.754794796	±	0.14819054082
1	#phi	-0.000723806019883	±	0.000203539766944
2	A	-0.0486503010005	±	7.14049143665e-05
3	a	0.130486919994	±	0.0
4	b	-0.00804921468921	±	2.8046787852e-05
5	c	1.09938679944	±	0.000646998943511

covariance matrix
=================
0.0219604363885	3.34012440506e-06	9.88904826647e-06	-1.60859909387e-07	6.18279831617e-05
3.34012440506e-06	4.14284367276e-08	1.22070690438e-09	4.77165901515e-09	9.69247454217e-09
9.88904826647e-06	1.22070690438e-09	5.09866179569e-09	-1.18849091158e-10	1.68601652644e-08
-1.60859909387e-07	4.77165901515e-09	-1.18849091158e-10	7.86622308817e-10	5.58316255234e-10
6.18279831617e-05	9.69247454217e-09	1.68601652644e-08	5.58316255234e-10	4.18607632905e-07

correlation matrix
==================
1.0	0.110737033918	0.934557249999	-0.0387029623309	0.644853446737
0.110737033918	1.0	0.0839912462694	0.83586665204	0.0736006796178
0.934557249999	0.0839912462694	1.0	-0.0593450681468	0.364947298474
-0.0387029623309	0.83586665204	-0.0593450681468	1.0	0.0307675965016
0.644853446737	0.0736006796178	0.364947298474	0.0307675965016	1.0

