fitting info
============
χ²:		2609.23230244
DoF:	369
χ²/DoF:	7.0710902505
p-value:	0.0	r

parameters
==========
0	#tau	131.145506958	±	0.178424111285
1	#phi	1.68468698327	±	0.00070761600798
2	A	-0.0125499219296	±	1.86925939774e-05
3	a	0.130486919994	±	0.0
4	b	-0.0089569934386	±	2.96263772294e-05
5	c	1.38914033932	±	0.000752917548768

covariance matrix
=================
0.0318351634877	3.45907769985e-05	3.06816435009e-06	6.03456147324e-07	-8.82580269858e-05
3.45907769985e-05	5.00720414749e-07	3.37888041948e-09	1.74654455814e-08	-1.55308742529e-07
3.06816435009e-06	3.37888041948e-09	3.49413069605e-10	5.30121985947e-11	-1.2279739856e-08
6.03456147324e-07	1.74654455814e-08	5.30121985947e-11	8.77722227741e-10	-3.67894562322e-09
-8.82580269858e-05	-1.55308742529e-07	-1.2279739856e-08	-3.67894562322e-09	5.66884835242e-07

correlation matrix
==================
1.0	0.273973858486	0.919931530389	0.114159911949	-0.65698166978
0.273973858486	1.0	0.255449819548	0.83311215806	-0.291508239491
0.919931530389	0.255449819548	1.0	0.0957255113922	-0.872513537618
0.114159911949	0.83311215806	0.0957255113922	1.0	-0.164929142408
-0.65698166978	-0.291508239491	-0.872513537618	-0.164929142408	1.0

