fitting info
============
χ²:		3027.0843827
DoF:	370
χ²/DoF:	8.18130914244
p-value:	0.0	r

parameters
==========
0	#tau	116.97219765	±	0.14648578439
1	#phi	-0.00555432087075	±	0.000202765607726
2	A	-0.0498481098156	±	7.42561577864e-05
3	a	0.130486919994	±	0.0
4	b	-0.00805947711877	±	2.83370064153e-05
5	c	1.21250791623	±	0.000643658750746

covariance matrix
=================
0.0214580850283	3.48624428022e-06	1.01896150229e-05	-8.12302108211e-08	6.02674971465e-05
3.48624428022e-06	4.11138916765e-08	1.17245448534e-09	4.81995818948e-09	1.28090971592e-08
1.01896150229e-05	1.17245448534e-09	5.5139769692e-09	-1.10716405513e-10	1.73974403883e-08
-8.12302108211e-08	4.81995818948e-09	-1.10716405513e-10	8.02985932583e-10	1.1966304674e-09
6.02674971465e-05	1.28090971592e-08	1.73974403883e-08	1.1966304674e-09	4.14296587412e-07

correlation matrix
==================
1.0	0.117372955424	0.936763199517	-0.0195689773674	0.639192980607
0.117372955424	1.0	0.0778698296911	0.838870667503	0.0981450833566
0.936763199517	0.0778698296911	1.0	-0.0526169336615	0.363996497863
-0.0195689773674	0.838870667503	-0.0526169336615	1.0	0.0656070348081
0.639192980607	0.0981450833566	0.363996497863	0.0656070348081	1.0

