fitting info
============
χ²:		1445.71927132
DoF:	369
χ²/DoF:	3.91793840465
p-value:	0.0	r

parameters
==========
0	#tau	123.878867061	±	0.209727079312
1	#phi	1.70920866703	±	0.000949651477473
2	A	-0.0128566300657	±	2.52626731375e-05
3	a	0.130486919994	±	0.0
4	b	-0.00802704280579	±	4.20864031062e-05
5	c	1.4123258224	±	0.000966502550827

covariance matrix
=================
0.0439854477966	5.77303862569e-05	4.96831789205e-06	2.61311072538e-06	-0.000141253367131
5.77303862569e-05	9.01837928666e-07	8.11610684105e-09	3.39358722052e-08	-4.66108108286e-07
4.96831789205e-06	8.11610684105e-09	6.38202654051e-10	3.78201737668e-10	-2.12704078004e-08
2.61311072538e-06	3.39358722052e-08	3.78201737668e-10	1.77126532642e-09	-1.86221205407e-08
-0.000141253367131	-4.66108108286e-07	-2.12704078004e-08	-1.86221205407e-08	9.34127180755e-07

correlation matrix
==================
1.0	0.28985827689	0.937725150072	0.296047564809	-0.696853195205
0.28985827689	1.0	0.33830171877	0.849088496153	-0.507831229945
0.937725150072	0.33830171877	1.0	0.355715186099	-0.871151139079
0.296047564809	0.849088496153	0.355715186099	1.0	-0.457808991786
-0.696853195205	-0.507831229945	-0.871151139079	-0.457808991786	1.0

