fitting info
============
χ²:		621.363618786
DoF:	182
χ²/DoF:	3.41408581751
p-value:	0.0	r

parameters
==========
0	#tau	108.026158932	±	0.345924486733
1	#phi	0.623668729387	±	0.00421171991593
2	A	0.0168170245676	±	5.94548369196e-05
3	a	0.130486919994	±	0.0
4	b	-0.0081976881281	±	0.000149370847984
5	c	-0.202046133775	±	0.00233555140679

covariance matrix
=================
0.119663750521	-0.00086139499356	-1.07214810873e-05	-2.60232968663e-05	0.000618766276011
-0.00086139499356	1.77385846503e-05	-8.69452633889e-08	6.12187392796e-07	-8.85282269139e-06
-1.07214810873e-05	-8.69452633889e-08	3.53487763314e-09	-3.86607108984e-09	-3.00534716086e-09
-2.60232968663e-05	6.12187392796e-07	-3.86607108984e-09	2.23116502275e-08	-2.82565899704e-07
0.000618766276011	-8.85282269139e-06	-3.00534716086e-09	-2.82565899704e-07	5.45480037376e-06

correlation matrix
==================
1.0	-0.5912369333	-0.521298273275	-0.503634142596	0.765871484317
-0.5912369333	1.0	-0.347215618819	0.973103540563	-0.89997998861
-0.521298273275	-0.347215618819	1.0	-0.435328195797	-0.0216430281095
-0.503634142596	0.973103540563	-0.435328195797	1.0	-0.809961679684
0.765871484317	-0.89997998861	-0.0216430281095	-0.809961679684	1.0

