fitting info
============
χ²:		8815.98776173
DoF:	323
χ²/DoF:	27.2940797577

parameters
==========
0	#tau	142.616665861	±	0.203624370997
1	#phi	1.69415069122	±	0.000904499070996
2	A	-0.0116584314747	±	1.92404432028e-05
3	a	0.130486919994	±	0.0
4	b	-0.00844049536435	±	2.2892596782e-05
5	c	1.36754761918	±	0.00107961654355

covariance matrix
=================
0.041462884464	-2.94351114724e-06	3.64990125562e-06	-1.2355140018e-06	-0.000145818664461
-2.94351114724e-06	8.18118569433e-07	-9.67115447054e-10	1.97747256096e-08	-1.06917614859e-08
3.64990125562e-06	-9.67115447054e-10	3.70194654639e-10	-1.12511790987e-10	-1.8395328964e-08
-1.2355140018e-06	1.97747256096e-08	-1.12511790987e-10	5.24070987422e-10	2.48316756131e-09
-0.000145818664461	-1.06917614859e-08	-1.8395328964e-08	2.48316756131e-09	1.1655718811e-06

correlation matrix
==================
1.0	-0.015981877737	0.931614603482	-0.265046977987	-0.663305853154
-0.015981877737	1.0	-0.0555718843347	0.955008598873	-0.0109489281511
0.931614603482	-0.0555718843347	1.0	-0.25543941284	-0.885570123056
-0.265046977987	0.955008598873	-0.25543941284	1.0	0.100471164623
-0.663305853154	-0.0109489281511	-0.885570123056	0.100471164623	1.0

