fitting info
============
χ²:		1505.67975226
DoF:	370
χ²/DoF:	4.06940473585
p-value:	0.0	r

parameters
==========
0	#tau	110.651817737	±	0.197088472426
1	#phi	-0.0021909576585	±	0.000292744751135
2	A	-0.045159780582	±	0.000100257332818
3	a	0.130486919994	±	0.0
4	b	-0.00766463284835	±	4.37257450852e-05
5	c	1.12604014193	±	0.00067145795482

covariance matrix
=================
0.0388438659634	8.11392450955e-06	1.87596753088e-05	1.74839843925e-06	7.53449581715e-05
8.11392450955e-06	8.5699489317e-08	6.01885749362e-09	1.07631759963e-08	-3.78994190646e-09
1.87596753088e-05	6.01885749362e-09	1.00515327838e-08	1.1728573981e-09	2.16240523954e-08
1.74839843925e-06	1.07631759963e-08	1.1728573981e-09	1.91194078326e-09	-1.48277636216e-09
7.53449581715e-05	-3.78994190646e-09	2.16240523954e-08	-1.48277636216e-09	4.50855785091e-07

correlation matrix
==================
1.0	0.140630856686	0.949397201435	0.202881276221	0.569343214926
0.140630856686	1.0	0.205073147492	0.84084143792	-0.0192807805986
0.949397201435	0.205073147492	1.0	0.267541924231	0.321219657679
0.202881276221	0.84084143792	0.267541924231	1.0	-0.0505032831772
0.569343214926	-0.0192807805986	0.321219657679	-0.0505032831772	1.0

