fitting info
============
χ²:		11270.3117566
DoF:	325
χ²/DoF:	34.677882328

parameters
==========
0	#tau	114.79066614	±	0.175839881887
1	#phi	0.00265749147056	±	0.000129233244538
2	A	-0.0496969071278	±	6.39885821903e-05
3	a	0.130486919994	±	0.0
4	b	-0.00692165872913	±	3.31926353625e-05
5	c	1.15497282189	±	0.00152263097233

covariance matrix
=================
0.0309196640622	4.84703031534e-06	8.89689185364e-06	-3.83288498766e-07	0.000214442673489
4.84703031534e-06	1.67012314938e-08	8.6575448519e-10	3.53813643844e-09	3.64698536997e-08
8.89689185364e-06	8.6575448519e-10	4.09453865072e-09	-3.7005388562e-10	2.64639337783e-08
-3.83288498766e-07	3.53813643844e-09	-3.7005388562e-10	1.10175104231e-09	3.06326360872e-09
0.000214442673489	3.64698536997e-08	2.64639337783e-08	3.06326360872e-09	2.3184050779e-06

correlation matrix
==================
1.0	0.213296684473	0.790712201849	-0.0656699475331	0.800938499763
0.213296684473	1.0	0.10469308919	0.824818880032	0.18533827371
0.790712201849	0.10469308919	1.0	-0.174229121245	0.271617191253
-0.0656699475331	0.824818880032	-0.174229121245	1.0	0.0606105153766
0.800938499763	0.18533827371	0.271617191253	0.0606105153766	1.0

