fitting info
============
χ²:		6782.79077866
DoF:	374
χ²/DoF:	18.135804221

parameters
==========
0	#tau	121.213160519	±	0.286419144071
1	#phi	0.018852084533	±	0.000257393554123
2	A	-0.0237883655602	±	4.88407809466e-05
3	a	0.130486919994	±	0.0
4	b	-0.00526366719998	±	5.50681140182e-05
5	c	0.808209418522	±	0.00114060855854

covariance matrix
=================
0.0820359260901	1.30627101455e-05	1.10981383223e-05	1.10059675329e-06	0.000250503125509
1.30627101455e-05	6.62514417043e-08	3.51530629708e-09	1.15629073693e-08	4.26367819338e-09
1.10981383223e-05	3.51530629708e-09	2.38542188347e-09	3.39008441025e-10	1.25784024854e-08
1.10059675329e-06	1.15629073693e-08	3.39008441025e-10	3.03249718152e-09	1.37197080598e-10
0.000250503125509	4.26367819338e-09	1.25784024854e-08	1.37197080598e-10	1.30098788382e-06

correlation matrix
==================
1.0	0.177187704132	0.793351215125	0.0697791993158	0.766786539259
0.177187704132	1.0	0.279629448313	0.815772717617	0.014522792278
0.793351215125	0.279629448313	1.0	0.126045605657	0.225790810075
0.0697791993158	0.815772717617	0.126045605657	1.0	0.00218427865204
0.766786539259	0.014522792278	0.225790810075	0.00218427865204	1.0

