fitting info
============
χ²:		2971.36346486
DoF:	370
χ²/DoF:	8.03071206718
p-value:	0.0	r

parameters
==========
0	#tau	132.180898559	±	0.179050386021
1	#phi	1.68745950189	±	0.000712071183507
2	A	-0.0123746709747	±	1.82937153497e-05
3	a	0.130486919994	±	0.0
4	b	-0.00858495236372	±	2.9758943242e-05
5	c	1.34815053369	±	0.000740797304062

covariance matrix
=================
0.0320590407343	3.51174491655e-05	3.00627530354e-06	6.25668152498e-07	-8.60213954426e-05
3.51174491655e-05	5.07045370382e-07	3.30164439949e-09	1.76448768679e-08	-1.5182881043e-07
3.00627530354e-06	3.30164439949e-09	3.34660021296e-10	5.18498204068e-11	-1.177666871e-08
6.25668152498e-07	1.76448768679e-08	5.18498204068e-11	8.85594702881e-10	-3.59910735298e-09
-8.60213954426e-05	-1.5182881043e-07	-1.177666871e-08	-3.59910735298e-09	5.48780645705e-07

correlation matrix
==================
1.0	0.275438275054	0.91780743245	0.117422489176	-0.648532625075
0.275438275054	1.0	0.253457395698	0.832679199647	-0.287826903403
0.91780743245	0.253457395698	1.0	0.0952418525294	-0.869002743836
0.117422489176	0.832679199647	0.0952418525294	1.0	-0.163259289667
-0.648532625075	-0.287826903403	-0.869002743836	-0.163259289667	1.0

