fitting info
============
χ²:		1429.82401006
DoF:	369
χ²/DoF:	3.87486181588
p-value:	0.0	r

parameters
==========
0	#tau	102.297305921	±	0.243046448162
1	#phi	-0.00742868511267	±	0.00039168045919
2	A	-0.0328038968113	±	9.94717714102e-05
3	a	0.130486919994	±	0.0
4	b	-0.00740523432079	±	6.2186125178e-05
5	c	0.934193560296	±	0.000622302086244

covariance matrix
=================
0.0590715759643	1.12219769378e-05	2.29209007023e-05	2.37804390315e-06	9.19491265106e-05
1.12219769378e-05	1.53413582111e-07	6.18096098154e-09	2.1055443544e-08	3.65638738916e-09
2.29209007023e-05	6.18096098154e-09	9.89463330748e-09	1.21521341726e-09	2.22897175259e-08
2.37804390315e-06	2.1055443544e-08	1.21521341726e-09	3.86711416465e-09	1.75426648554e-10
9.19491265106e-05	3.65638738916e-09	2.22897175259e-08	1.75426648554e-10	3.87259886544e-07

correlation matrix
==================
1.0	0.11788218791	0.948074681806	0.157339256195	0.607934894938
0.11788218791	1.0	0.158644216712	0.864448236135	0.0150009595565
0.948074681806	0.158644216712	1.0	0.196453245168	0.360083694467
0.157339256195	0.864448236135	0.196453245168	1.0	0.00453315754523
0.607934894938	0.0150009595565	0.360083694467	0.00453315754523	1.0

