fitting info
============
χ²:		8287.88297142
DoF:	321
χ²/DoF:	25.8189500667

parameters
==========
0	#tau	127.716904261	±	0.185730496353
1	#phi	1.69769279454	±	0.000849447889425
2	A	-0.0127820099086	±	2.30549296853e-05
3	a	0.130486919994	±	0.0
4	b	-0.00749853795765	±	2.33054667146e-05
5	c	1.35735241273	±	0.00116619103497

covariance matrix
=================
0.0344958172756	5.53851010713e-06	4.05253717145e-06	-1.26923714093e-06	-0.000159132926361
5.53851010713e-06	7.21561716848e-07	-3.26762967849e-10	1.84465874631e-08	-2.45920438637e-08
4.05253717145e-06	-3.26762967849e-10	5.31529782793e-10	-1.59234305444e-10	-2.44906746712e-08
-1.26923714093e-06	1.84465874631e-08	-1.59234305444e-10	5.43144778786e-10	4.34822726759e-09
-0.000159132926361	-2.45920438637e-08	-2.44906746712e-08	4.34822726759e-09	1.36000153003e-06

correlation matrix
==================
1.0	0.0351053244814	0.946411449554	-0.293225508593	-0.734695079829
0.0351053244814	1.0	-0.0166852334831	0.931797389127	-0.0248249386954
0.946411449554	-0.0166852334831	1.0	-0.296356891882	-0.910892756996
-0.293225508593	0.931797389127	-0.296356891882	1.0	0.159987013761
-0.734695079829	-0.0248249386954	-0.910892756996	0.159987013761	1.0

