fitting info
============
χ²:		1995.01722589
DoF:	182
χ²/DoF:	10.9616331093
p-value:	0.0	r

parameters
==========
0	#tau	140.72030029	±	0.46958739174
1	#phi	0.654406165358	±	0.00368053351764
2	A	0.00986552336958	±	3.36265331039e-05
3	a	0.130486919994	±	0.0
4	b	-0.00630959074906	±	0.000115553783347
5	c	0.150486332752	±	0.00132926423143

covariance matrix
=================
0.220512318482	-0.000879160531829	-9.25627665983e-06	-2.21786222871e-05	0.000386399605179
-0.000879160531829	1.35463269745e-05	-4.17765450735e-08	4.0628309223e-07	-4.04412175563e-06
-9.25627665983e-06	-4.17765450735e-08	1.13074372858e-09	-1.62457490246e-09	-3.1712825011e-09
-2.21786222871e-05	4.0628309223e-07	-1.62457490246e-09	1.33526768459e-08	-1.09661023046e-07
0.000386399605179	-4.04412175563e-06	-3.1712825011e-09	-1.09661023046e-07	1.76694339695e-06

correlation matrix
==================
1.0	-0.508675684579	-0.586189189778	-0.408727602407	0.619026052972
-0.508675684579	1.0	-0.337551195116	0.955286857335	-0.826612801107
-0.586189189778	-0.337551195116	1.0	-0.418093558534	-0.0709482223824
-0.408727602407	0.955286857335	-0.418093558534	1.0	-0.71393192896
0.619026052972	-0.826612801107	-0.0709482223824	-0.71393192896	1.0

