fitting info
============
χ²:		3237.25656157
DoF:	370
χ²/DoF:	8.74934205829
p-value:	0.0	r

parameters
==========
0	#tau	163.636788966	±	0.469214440025
1	#phi	-1.58084706984	±	0.00146451016165
2	A	-0.00430186571819	±	1.27060817022e-05
3	a	0.130486919994	±	0.0
4	b	-0.00867610069786	±	5.42747798689e-05
5	c	0.674125388134	±	0.000595795156116

covariance matrix
=================
0.220162190728	6.04367190421e-05	5.29478660311e-06	1.23722172595e-06	-0.00014433742263
6.04367190421e-05	2.14479001357e-06	2.03940391714e-09	6.52973361185e-08	-9.67501185632e-08
5.29478660311e-06	2.03940391714e-09	1.61444512222e-10	4.49676657966e-11	-6.18588435105e-09
1.23722172595e-06	6.52973361185e-08	4.49676657966e-11	2.94575172982e-09	-2.52092364114e-09
-0.00014433742263	-9.67501185632e-08	-6.18588435105e-09	-2.52092364114e-09	3.54971868051e-07

correlation matrix
==================
1.0	0.0879502586726	0.888107318136	0.0485823029693	-0.516310086006
0.0879502586726	1.0	0.109597138733	0.821495150394	-0.110882280249
0.888107318136	0.109597138733	1.0	0.0652064610375	-0.817133818155
0.0485823029693	0.821495150394	0.0652064610375	1.0	-0.0779587114763
-0.516310086006	-0.110882280249	-0.817133818155	-0.0779587114763	1.0

