fitting info
============
χ²:		928.388020151
DoF:	369
χ²/DoF:	2.51595669418
p-value:	0.0	r

parameters
==========
0	#tau	118.29836411	±	0.302511168854
1	#phi	0.000278810584796	±	0.000352064944341
2	A	-0.0485281679617	±	0.000129694239139
3	a	0.130486919994	±	0.0
4	b	-0.00797687060629	±	6.12659505911e-05
5	c	1.12449967754	±	0.00183620340809

covariance matrix
=================
0.0915130072813	1.57266962618e-05	3.48714769638e-05	3.22228643187e-06	0.000390960371009
1.57266962618e-05	1.23949725034e-07	9.74179826466e-09	1.8178232551e-08	1.51623012667e-08
3.48714769638e-05	9.74179826466e-09	1.68205956659e-08	1.90126407865e-09	7.56247517182e-08
3.22228643187e-06	1.8178232551e-08	1.90126407865e-09	3.75351670183e-09	1.51456991824e-09
0.000390960371009	1.51623012667e-08	7.56247517182e-08	1.51456991824e-09	3.3716429559e-06

correlation matrix
==================
1.0	0.147663548803	0.888808589026	0.173861552219	0.703834474812
0.147663548803	1.0	0.213351481216	0.842771216979	0.0234542499248
0.888808589026	0.213351481216	1.0	0.239277895851	0.317557582456
0.173861552219	0.842771216979	0.239277895851	1.0	0.0134632329815
0.703834474812	0.0234542499248	0.317557582456	0.0134632329815	1.0

