fitting info
============
χ²:		1288.90926307
DoF:	369
χ²/DoF:	3.49297903271
p-value:	0.0	r

parameters
==========
0	#tau	122.877925744	±	0.312551712767
1	#phi	9.4286067883	±	0.000349624488493
2	A	-0.0446634398216	±	0.000116765476515
3	a	0.130486919994	±	0.0
4	b	-0.0078037457933	±	5.92998303741e-05
5	c	1.07584532849	±	0.00179227560148

covariance matrix
=================
0.0976885731538	1.66956624602e-05	3.21795046825e-05	3.29775845409e-06	0.000394640024511
1.66956624602e-05	1.22237282954e-07	9.21163978197e-09	1.7368423741e-08	1.00984406787e-08
3.21795046825e-05	9.21163978197e-09	1.36341765057e-08	1.73790215514e-09	6.35282528678e-08
3.29775845409e-06	1.7368423741e-08	1.73790215514e-09	3.5164698824e-09	5.40179829483e-10
0.000394640024511	1.00984406787e-08	6.35282528678e-08	5.40179829483e-10	3.21225183167e-06

correlation matrix
==================
1.0	0.152784722162	0.881745020722	0.177927676768	0.704489384773
0.152784722162	1.0	0.225642366916	0.837732011513	0.016115644624
0.881745020722	0.225642366916	1.0	0.250990575694	0.303562179973
0.177927676768	0.837732011513	0.250990575694	1.0	0.00508253197631
0.704489384773	0.016115644624	0.303562179973	0.00508253197631	1.0

