fitting info
============
χ²:		378.183451033
DoF:	183
χ²/DoF:	2.06657623515
p-value:	1.11022302463e-15	r

parameters
==========
0	#tau	132.506929345	±	0.428300185101
1	#phi	0.648488161269	±	0.00428048496549
2	A	0.0211141040742	±	7.91252163442e-05
3	a	0.130486919994	±	0.0
4	b	-0.00784888165682	±	0.000141021674365
5	c	-0.479800782462	±	0.00292129859512

covariance matrix
=================
0.183441048558	-0.000699483253274	-1.90059158762e-05	-2.12183384719e-05	0.000639889665728
-0.000699483253274	1.83225515398e-05	-1.69474339361e-07	5.86142164967e-07	-1.14029731073e-05
-1.90059158762e-05	-1.69474339361e-07	6.26079986152e-09	-5.60957589464e-09	5.36733552022e-08
-2.12183384719e-05	5.86142164967e-07	-5.60957589464e-09	1.98871126406e-08	-3.49389075945e-07
0.000639889665728	-1.14029731073e-05	5.36733552022e-08	-3.49389075945e-07	8.53398548182e-06

correlation matrix
==================
1.0	-0.38153649276	-0.560822759625	-0.351299267348	0.511423740631
-0.38153649276	1.0	-0.500375530043	0.971010936285	-0.911904112392
-0.560822759625	-0.500375530043	1.0	-0.50272357402	0.232203030909
-0.351299267348	0.971010936285	-0.50272357402	1.0	-0.84810086371
0.511423740631	-0.911904112392	0.232203030909	-0.84810086371	1.0

