fitting info
============
χ²:		721.454274459
DoF:	369
χ²/DoF:	1.95516063539
p-value:	0.0	r

parameters
==========
0	#tau	104.199587246	±	0.33802686219
1	#phi	-0.00939123693186	±	0.000433491790678
2	A	-0.0400460791084	±	0.0001411772315
3	a	0.130486919994	±	0.0
4	b	-0.00880328469389	±	8.51876411191e-05
5	c	1.09299506021	±	0.0016181433949

covariance matrix
=================
0.114262159562	2.29237211923e-05	4.30541024233e-05	4.44779051907e-06	0.000386387597456
2.29237211923e-05	1.87915132586e-07	1.23724246956e-08	3.17825602707e-08	3.82445715477e-08
4.30541024233e-05	1.23724246956e-08	1.9931010694e-08	2.40874521789e-09	7.95582867483e-08
4.44779051907e-06	3.17825602707e-08	2.40874521789e-09	7.25693419944e-09	4.84229510288e-09
0.000386387597456	3.82445715477e-08	7.95582867483e-08	4.84229510288e-09	2.61838804645e-06

correlation matrix
==================
1.0	0.156441880018	0.90219136183	0.154460173434	0.706406942592
0.156441880018	1.0	0.202166541091	0.860659583972	0.0545220174848
0.90219136183	0.202166541091	1.0	0.200285547404	0.348260128806
0.154460173434	0.860659583972	0.200285547404	1.0	0.0351283422661
0.706406942592	0.0545220174848	0.348260128806	0.0351283422661	1.0

