fitting info
============
χ²:		3871.89402738
DoF:	370
χ²/DoF:	10.4645784524
p-value:	0.0	r

parameters
==========
0	#tau	124.190410185	±	0.27955137629
1	#phi	0.016033083867	±	0.000373394405738
2	A	-0.0232935169179	±	6.01268562638e-05
3	a	0.130486919994	±	0.0
4	b	-0.00647742628331	±	5.0788523937e-05
5	c	0.817719588161	±	0.000647672839326

covariance matrix
=================
0.0781489719859	1.57705850793e-05	1.54989262094e-05	8.81970996585e-07	0.000119646861403
1.57705850793e-05	1.39423382237e-07	4.16338170734e-09	1.60548009608e-08	9.30510420001e-09
1.54989262094e-05	4.16338170734e-09	3.61523884416e-09	2.66925003671e-10	1.3608773807e-08
8.81970996585e-07	1.60548009608e-08	2.66925003671e-10	2.5794741637e-09	5.14837893859e-10
0.000119646861403	9.30510420001e-09	1.3608773807e-08	5.14837893859e-10	4.19480106801e-07

correlation matrix
==================
1.0	0.151083961589	0.922086106894	0.062119375043	0.660821236019
0.151083961589	1.0	0.185442778363	0.846586868197	0.0384766939467
0.922086106894	0.185442778363	1.0	0.0874088021886	0.34945786027
0.062119375043	0.846586868197	0.0874088021886	1.0	0.0156512572199
0.660821236019	0.0384766939467	0.34945786027	0.0156512572199	1.0

