fitting info
============
χ²:		1405.10306255
DoF:	276
χ²/DoF:	5.09095312516
p-value:	0.0	r

parameters
==========
0	#tau	105.783500562	±	0.338347459801
1	#phi	-0.00777301046885	±	0.000538877773745
2	A	-0.0268969303827	±	0.000123463477788
3	a	0.130486919994	±	0.0
4	b	-0.00700041988324	±	7.47977016263e-05
5	c	0.500666863309	±	0.000624016657709

covariance matrix
=================
0.114479003554	2.21884202871e-05	4.00674511173e-05	1.78692033076e-06	0.000134350328525
2.21884202871e-05	2.90389255036e-07	8.56526621273e-09	3.68455136928e-08	2.28908041907e-08
4.00674511173e-05	8.56526621273e-09	1.52432303476e-08	7.27559735203e-10	3.27714738201e-08
1.78692033076e-06	3.68455136928e-08	7.27559735203e-10	5.59469616857e-09	2.4230390009e-09
0.000134350328525	2.28908041907e-08	3.27714738201e-08	2.4230390009e-09	3.89396789099e-07

correlation matrix
==================
1.0	0.121695128044	0.959158299845	0.0706080173214	0.636325942463
0.121695128044	1.0	0.128739580029	0.914126062727	0.0680729538452
0.959158299845	0.128739580029	1.0	0.078784702034	0.425364541236
0.0706080173214	0.914126062727	0.078784702034	1.0	0.0519129810332
0.636325942463	0.0680729538452	0.425364541236	0.0519129810332	1.0

