fitting info
============
χ²:		1228.46369944
DoF:	369
χ²/DoF:	3.32916991718
p-value:	0.0	r

parameters
==========
0	#tau	118.974265937	±	0.225167077822
1	#phi	1.55744800596	±	0.000917803225767
2	A	-0.0123169267671	±	2.80932774328e-05
3	a	0.130486919994	±	0.0
4	b	-0.00890933911635	±	4.43174459351e-05
5	c	1.33401933203	±	0.0010329204013

covariance matrix
=================
0.0507002129349	2.61728259653e-05	5.95692508683e-06	2.040527847e-06	-0.000173080285975
2.61728259653e-05	8.42362761228e-07	5.15972123509e-09	3.37354028775e-08	-2.56056413947e-07
5.95692508683e-06	5.15972123509e-09	7.89232236917e-10	3.48870006627e-10	-2.63212253203e-08
2.040527847e-06	3.37354028775e-08	3.48870006627e-10	1.96403601421e-09	-1.38922647908e-08
-0.000173080285975	-2.56056413947e-07	-2.63212253203e-08	-1.38922647908e-08	1.06692455542e-06

correlation matrix
==================
1.0	0.126647361374	0.941704918678	0.204485685031	-0.744176338276
0.126647361374	1.0	0.20011251527	0.829395352877	-0.270096666292
0.941704918678	0.20011251527	1.0	0.280211852889	-0.907061720912
0.204485685031	0.829395352877	0.280211852889	1.0	-0.303480977089
-0.744176338276	-0.270096666292	-0.907061720912	-0.303480977089	1.0

