fitting info
============
χ²:		369.821263802
DoF:	370
χ²/DoF:	0.999516929195
p-value:	0.492843443324	r

parameters
==========
0	#tau	132.57468459	±	0.487560178631
1	#phi	1.68867369918	±	0.00209746098492
2	A	-0.012330420834	±	5.1709545867e-05
3	a	0.130486919994	±	0.0
4	b	-0.00855005505991	±	8.43995908886e-05
5	c	1.34661837026	±	0.00225461926087

covariance matrix
=================
0.237714927787	0.000219626888288	2.31723765613e-05	7.67258836206e-06	-0.000732673068997
0.000219626888288	4.39934258328e-06	2.36602140877e-08	1.53152940864e-07	-1.47444860114e-06
2.31723765613e-05	2.36602140877e-08	2.67387713377e-09	8.41078274248e-10	-1.02421950242e-07
7.67258836206e-06	1.53152940864e-07	8.41078274248e-10	7.12329094217e-09	-4.93206549278e-08
-0.000732673068997	-1.47444860114e-06	-1.02421950242e-07	-4.93206549278e-08	5.0833080115e-06

correlation matrix
==================
1.0	0.214764942346	0.919118750912	0.186454697675	-0.666513251041
0.214764942346	1.0	0.218149416216	0.865149394004	-0.311790252528
0.919118750912	0.218149416216	1.0	0.192719362249	-0.878514845231
0.186454697675	0.865149394004	0.192719362249	1.0	-0.25918823286
-0.666513251041	-0.311790252528	-0.878514845231	-0.25918823286	1.0

