fitting info
============
χ²:		2483.20368521
DoF:	369
χ²/DoF:	6.72954928241
p-value:	0.0	r

parameters
==========
0	#tau	130.514142212	±	0.179528823044
1	#phi	1.7036379103	±	0.000716872945147
2	A	-0.0125461095435	±	1.88509179533e-05
3	a	0.130486919994	±	0.0
4	b	-0.00824448034049	±	3.0125532112e-05
5	c	1.32241911464	±	0.000755559057591

covariance matrix
=================
0.0322305983036	3.72547899196e-05	3.1148229859e-06	6.64549530516e-07	-8.94795871359e-05
3.72547899196e-05	5.13906819484e-07	3.56749272753e-09	1.79705014238e-08	-1.66754319783e-07
3.1148229859e-06	3.56749272753e-09	3.55357107683e-10	5.50017762382e-11	-1.24280417162e-08
6.64549530516e-07	1.79705014238e-08	5.50017762382e-11	9.07547685032e-10	-3.9310057572e-09
-8.94795871359e-05	-1.66754319783e-07	-1.24280417162e-08	-3.9310057572e-09	5.70869489508e-07

correlation matrix
==================
1.0	0.28947145537	0.920378964016	0.122873561104	-0.659661854838
0.28947145537	1.0	0.263990563404	0.832114860812	-0.307869372523
0.920378964016	0.263990563404	1.0	0.0968521988549	-0.872573024916
0.122873561104	0.832114860812	0.0968521988549	1.0	-0.172703260577
-0.659661854838	-0.307869372523	-0.872573024916	-0.172703260577	1.0

