fitting info
============
χ²:		4062.22148581
DoF:	328
χ²/DoF:	12.3848216031

parameters
==========
0	#tau	122.441540333	±	0.193246439513
1	#phi	1.72138218722	±	0.00103020844944
2	A	-0.0131364911428	±	2.69299158337e-05
3	a	0.130486919994	±	0.0
4	b	-0.00804316257445	±	2.48687801207e-05
5	c	1.44885908568	±	0.00136145745516

covariance matrix
=================
0.0373441863843	6.92280391039e-05	4.92387063764e-06	1.02180841504e-06	-0.000201794603503
6.92280391039e-05	1.0613294493e-06	6.02114770108e-09	2.50702796136e-08	-2.81696283711e-07
4.92387063764e-06	6.02114770108e-09	7.25220366812e-10	5.30647487309e-11	-3.3921088463e-08
1.02180841504e-06	2.50702796136e-08	5.30647487309e-11	6.18456224692e-10	-2.92880766569e-09
-0.000201794603503	-2.81696283711e-07	-3.3921088463e-08	-2.92880766569e-09	1.85356640222e-06

correlation matrix
==================
1.0	0.347732611262	0.946150312986	0.212619695331	-0.766997542678
0.347732611262	1.0	0.217029703539	0.978542263622	-0.200840796785
0.946150312986	0.217029703539	1.0	0.0792349217827	-0.925189529169
0.212619695331	0.978542263622	0.0792349217827	1.0	-0.0865032243209
-0.766997542678	-0.200840796785	-0.925189529169	-0.0865032243209	1.0

