fitting info
============
χ²:		2570.59454943
DoF:	369
χ²/DoF:	6.96638089276
p-value:	0.0	r

parameters
==========
0	#tau	116.815386001	±	0.188461319244
1	#phi	0.00177672320747	±	0.000264083675862
2	A	-0.0491307769481	±	9.72915391686e-05
3	a	0.130486919994	±	0.0
4	b	-0.00769099428594	±	3.81699967693e-05
5	c	1.17166740497	±	0.000699769596902

covariance matrix
=================
0.0355176688512	6.86592159514e-06	1.73935187454e-05	1.51969199187e-06	7.15995294499e-05
6.86592159514e-06	6.97401878567e-08	5.47599078644e-09	8.32872983937e-09	-8.70626805628e-09
1.73935187454e-05	5.47599078644e-09	9.4656435938e-09	1.07628007198e-09	1.96342782785e-08
1.51969199187e-06	8.32872983937e-09	1.07628007198e-09	1.45694865337e-09	-2.5461377565e-09
7.15995294499e-05	-8.70626805628e-09	1.96342782785e-08	-2.5461377565e-09	4.89677488749e-07

correlation matrix
==================
1.0	0.137954241082	0.948615351596	0.211257056739	0.54291628866
0.137954241082	1.0	0.213130732838	0.826256892619	-0.0471124195003
0.948615351596	0.213130732838	1.0	0.289819832995	0.288393055457
0.211257056739	0.826256892619	0.289819832995	1.0	-0.0953245369337
0.54291628866	-0.0471124195003	0.288393055457	-0.0953245369337	1.0

