fitting info
============
χ²:		2472.28842609
DoF:	370
χ²/DoF:	6.68186061106
p-value:	0.0	r

parameters
==========
0	#tau	124.865440083	±	0.507004130353
1	#phi	0.0113041463511	±	0.000566642938165
2	A	-0.0211981369646	±	8.78010478608e-05
3	a	0.130486919994	±	0.0
4	b	-0.00673965507211	±	9.28234955564e-05
5	c	0.813073299087	±	0.00139070475872

covariance matrix
=================
0.257053188195	4.11376120904e-05	3.91331976464e-05	5.61464474117e-06	0.000500063322448
4.11376120904e-05	3.21084219372e-07	1.10159475817e-08	4.39723100292e-08	4.25230880383e-09
3.91331976464e-05	1.10159475817e-08	7.70902400546e-09	1.52723306084e-09	3.72506775825e-08
5.61464474117e-06	4.39723100292e-08	1.52723306084e-09	8.61620132731e-09	-1.20009807165e-09
0.000500063322448	4.25230880383e-09	3.72506775825e-08	-1.20009807165e-09	1.93405972592e-06

correlation matrix
==================
1.0	0.143191784221	0.879091619679	0.11930341234	0.709216063958
0.143191784221	1.0	0.221417876304	0.836010787715	0.00539610478077
0.879091619679	0.221417876304	1.0	0.187390555566	0.305070024646
0.11930341234	0.836010787715	0.187390555566	1.0	-0.00929659428223
0.709216063958	0.00539610478077	0.305070024646	-0.00929659428223	1.0

