fitting info
============
χ²:		1267.35323037
DoF:	183
χ²/DoF:	6.92542748839
p-value:	0.0	r

parameters
==========
0	#tau	136.621072202	±	0.57631188551
1	#phi	1.58937657024	±	0.00272907411022
2	A	0.00835519898216	±	5.67476749579e-05
3	a	0.130486919994	±	0.0
4	b	-0.00717645639534	±	8.4401176018e-05
5	c	-0.1305709752	±	0.00351505084447

covariance matrix
=================
0.33213538938	0.000639199288466	-3.1609545798e-05	1.92628464297e-05	0.00180744077579
0.000639199288466	7.44784549907e-06	-7.85913269452e-08	2.17520736661e-07	5.67979568003e-06
-3.1609545798e-05	-7.85913269452e-08	3.22029861313e-09	-2.31519383307e-09	-1.94365501606e-07
1.92628464297e-05	2.17520736661e-07	-2.31519383307e-09	7.12355851322e-09	1.62532109163e-07
0.00180744077579	5.67979568003e-06	-1.94365501606e-07	1.62532109163e-07	1.23555824392e-05

correlation matrix
==================
1.0	0.406409056337	-0.966523920044	0.396017509306	0.892226027424
0.406409056337	1.0	-0.507470988922	0.944358378802	0.592087336089
-0.966523920044	-0.507470988922	1.0	-0.483382347489	-0.974404990555
0.396017509306	0.944358378802	-0.483382347489	1.0	0.547846714941
0.892226027424	0.592087336089	-0.974404990555	0.547846714941	1.0

