fitting info
============
χ²:		1163.92102983
DoF:	369
χ²/DoF:	3.15425753341
p-value:	0.0	r

parameters
==========
0	#tau	104.393142984	±	0.213939708071
1	#phi	-0.00966837745951	±	0.00033818502915
2	A	-0.0399903364107	±	0.000104601977881
3	a	0.130486919994	±	0.0
4	b	-0.00887047713437	±	5.28661154081e-05
5	c	1.0940340882	±	0.000641479083819

covariance matrix
=================
0.0457701986894	9.90916100264e-06	2.12728910422e-05	2.29562380585e-06	8.03572763927e-05
9.90916100264e-06	1.14369113941e-07	6.77886496161e-09	1.52978145495e-08	-1.80373017769e-10
2.12728910422e-05	6.77886496161e-09	1.09415737765e-08	1.42278119753e-09	2.3022940754e-08
2.29562380585e-06	1.52978145495e-08	1.42278119753e-09	2.79482615834e-09	-6.9764311251e-10
8.03572763927e-05	-1.80373017769e-10	2.3022940754e-08	-6.9764311251e-10	4.11495414977e-07

correlation matrix
==================
1.0	0.13695916757	0.950594331681	0.202970032479	0.585532909523
0.13695916757	1.0	0.191629650652	0.855652874878	-0.000831447234049
0.950594331681	0.191629650652	1.0	0.257288764207	0.343113968628
0.202970032479	0.855652874878	0.257288764207	1.0	-0.0205718529394
0.585532909523	-0.000831447234049	0.343113968628	-0.0205718529394	1.0

