fitting info
============
χ²:		341.923701276
DoF:	370
χ²/DoF:	0.924118111556
p-value:	0.150389901673	l

parameters
==========
0	#tau	124.909923389	±	0.521366678741
1	#phi	1.70893680004	±	0.00245579021093
2	A	-0.0128421796483	±	6.23083874513e-05
3	a	0.130486919994	±	0.0
4	b	-0.00903350149671	±	0.000101694597518
5	c	1.43944791842	±	0.00265413822743

covariance matrix
=================
0.271823213701	0.00034930891921	3.003540136e-05	1.20774746187e-05	-0.000962839869173
0.00034930891921	6.03090556009e-06	4.14234304527e-08	2.18840968347e-07	-2.43249348093e-06
3.003540136e-05	4.14234304527e-08	3.88233514678e-09	1.42652557368e-09	-1.47202849156e-07
1.20774746187e-05	2.18840968347e-07	1.42652557368e-09	1.03417911644e-08	-8.17787327523e-08
-0.000962839869173	-2.43249348093e-06	-1.47202849156e-07	-8.17787327523e-08	7.04444973031e-06

correlation matrix
==================
1.0	0.272819331081	0.924578215533	0.227790170821	-0.695804537691
0.272819331081	1.0	0.270712485422	0.87627310456	-0.3731959173
0.924578215533	0.270712485422	1.0	0.225130931421	-0.89011509694
0.227790170821	0.87627310456	0.225130931421	1.0	-0.302983485539
-0.695804537691	-0.3731959173	-0.89011509694	-0.302983485539	1.0

