fitting info
============
χ²:		1054.30442085
DoF:	369
χ²/DoF:	2.85719355244
p-value:	0.0	r

parameters
==========
0	#tau	109.373333082	±	0.292329389275
1	#phi	1.71701449246	±	0.00149656899585
2	A	-0.0081805556084	±	2.61640438193e-05
3	a	0.130486919994	±	0.0
4	b	-0.00658876700408	±	7.19196778973e-05
5	c	1.37798322018	±	0.000983545883562

covariance matrix
=================
0.085456471834	0.000136999403754	7.16768025209e-06	5.52139601968e-06	-0.000214927997175
0.000136999403754	2.23971875935e-06	1.32643436647e-08	9.42813608471e-08	-6.92440059988e-07
7.16768025209e-06	1.32643436647e-08	6.8455718898e-10	5.34901971745e-10	-2.33712187477e-08
5.52139601968e-06	9.42813608471e-08	5.34901971745e-10	5.17244006885e-09	-2.70096867144e-08
-0.000214927997175	-6.92440059988e-07	-2.33712187477e-08	-2.70096867144e-08	9.67362505071e-07

correlation matrix
==================
1.0	0.313147864211	0.937133097051	0.262620536919	-0.747525285234
0.313147864211	1.0	0.338753783003	0.875954130793	-0.470425458076
0.937133097051	0.338753783003	1.0	0.284263826158	-0.908200773432
0.262620536919	0.875954130793	0.284263826158	1.0	-0.38183627804
-0.747525285234	-0.470425458076	-0.908200773432	-0.38183627804	1.0

