fitting info
============
χ²:		2343.36367738
DoF:	372
χ²/DoF:	6.29936472414

parameters
==========
0	#tau	102.773398033	±	0.269129891321
1	#phi	-0.00896941590493	±	0.000288235793848
2	A	-0.0326579009408	±	8.4849449094e-05
3	a	0.130486919994	±	0.0
4	b	-0.00719750644275	±	6.67945461761e-05
5	c	0.932646398544	±	0.00122755469387

covariance matrix
=================
0.0724308984025	6.31658380573e-06	1.98891273042e-05	7.91348314697e-08	0.000246375589397
6.31658380573e-06	8.30798728552e-08	9.35257438126e-10	1.64581077682e-08	3.24996684709e-08
1.98891273042e-05	9.35257438126e-10	7.19942901155e-09	-1.87001801587e-10	3.45823613661e-08
7.91348314697e-08	1.64581077682e-08	-1.87001801587e-10	4.46151139887e-09	4.53001232056e-09
0.000246375589397	3.24996684709e-08	3.45823613661e-08	4.53001232056e-09	1.50689052643e-06

correlation matrix
==================
1.0	0.0814277463102	0.870973145333	0.00440214904299	0.745752793656
0.0814277463102	1.0	0.0382414395463	0.854852107477	0.0918523279766
0.870973145333	0.0382414395463	1.0	-0.0329955794969	0.332020398463
0.00440214904299	0.854852107477	-0.0329955794969	1.0	0.0552481230729
0.745752793656	0.0918523279766	0.332020398463	0.0552481230729	1.0

