fitting info
============
χ²:		2097.55284976
DoF:	369
χ²/DoF:	5.68442506711
p-value:	0.0	r

parameters
==========
0	#tau	128.35959652	±	0.213234591186
1	#phi	1.68714578225	±	0.000919679840824
2	A	-0.0127360133364	±	2.44651041826e-05
3	a	0.130486919994	±	0.0
4	b	-0.00882956681382	±	4.02887232155e-05
5	c	1.33559740516	±	0.000947885810071

covariance matrix
=================
0.0454689908782	5.49968281134e-05	4.88204492973e-06	2.6425506576e-06	-0.000138739236684
5.49968281134e-05	8.45811009617e-07	7.65261173185e-09	3.12327005294e-08	-4.38419354781e-07
4.88204492973e-06	7.65261173185e-09	5.98541322667e-10	3.74594631521e-10	-2.01260072189e-08
2.6425506576e-06	3.12327005294e-08	3.74594631521e-10	1.62318121834e-09	-1.79324899658e-08
-0.000138739236684	-4.38419354781e-07	-2.01260072189e-08	-1.79324899658e-08	8.98487508933e-07

correlation matrix
==================
1.0	0.280442169334	0.93583017509	0.307597045111	-0.686413191194
0.280442169334	1.0	0.340115122828	0.84292583662	-0.502917826243
0.93583017509	0.340115122828	1.0	0.380041457574	-0.867869713294
0.307597045111	0.84292583662	0.380041457574	1.0	-0.469570786428
-0.686413191194	-0.502917826243	-0.867869713294	-0.469570786428	1.0

