fitting info
============
χ²:		2287.02500952
DoF:	370
χ²/DoF:	6.18114867438
p-value:	0.0	r

parameters
==========
0	#tau	126.168334557	±	0.211738420415
1	#phi	1.70892834361	±	0.000950786628729
2	A	-0.012684777343	±	2.43687252711e-05
3	a	0.130486919994	±	0.0
4	b	-0.00889368993509	±	4.12050736953e-05
5	c	1.43483569757	±	0.000940682861313

covariance matrix
=================
0.0448331586799	5.91706798248e-05	4.8271407896e-06	2.73998783955e-06	-0.00013544380247
5.91706798248e-05	9.0399521337e-07	8.01333402201e-09	3.32480935494e-08	-4.70443710991e-07
4.8271407896e-06	8.01333402201e-09	5.93834771336e-10	3.7743271777e-10	-1.97451046908e-08
2.73998783955e-06	3.32480935494e-08	3.7743271777e-10	1.69785809824e-09	-1.85745609323e-08
-0.00013544380247	-4.70443710991e-07	-1.97451046908e-08	-1.85745609323e-08	8.84884245568e-07

correlation matrix
==================
1.0	0.293916403439	0.935529496565	0.314049619293	-0.68001146868
0.293916403439	1.0	0.345857635997	0.84865854258	-0.525994702459
0.935529496565	0.345857635997	1.0	0.375885901931	-0.86135741646
0.314049619293	0.84865854258	0.375885901931	1.0	-0.47920862926
-0.68001146868	-0.525994702459	-0.86135741646	-0.47920862926	1.0

