fitting info
============
χ²:		3439.25735461
DoF:	370
χ²/DoF:	9.2952901476
p-value:	0.0	r

parameters
==========
0	#tau	124.073674614	±	0.310088151543
1	#phi	0.016049392244	±	0.000407656295777
2	A	-0.0233296601761	±	6.7887168501e-05
3	a	0.130486919994	±	0.0
4	b	-0.00648391957953	±	5.63662530065e-05
5	c	0.817863872664	±	0.000672125679971

covariance matrix
=================
0.0961546617276	1.88293080596e-05	1.95756102327e-05	2.71328538226e-06	0.000129952600398
1.88293080596e-05	1.66183655487e-07	6.09295459563e-09	1.92835564441e-08	-3.25651537213e-09
1.95756102327e-05	6.09295459563e-09	4.60866764709e-09	8.47960193779e-10	1.48009055539e-08
2.71328538226e-06	1.92835564441e-08	8.47960193779e-10	3.17715447799e-09	-1.2874993e-09
0.000129952600398	-3.25651537213e-09	1.48009055539e-08	-1.2874993e-09	4.51752929677e-07

correlation matrix
==================
1.0	0.148954982484	0.92991326307	0.155235533021	0.623518456379
0.148954982484	1.0	0.22016389141	0.839216113118	-0.0118852546118
0.92991326307	0.22016389141	1.0	0.221599412482	0.324377037707
0.155235533021	0.839216113118	0.221599412482	1.0	-0.0339842231716
0.623518456379	-0.0118852546118	0.324377037707	-0.0339842231716	1.0

