fitting info
============
χ²:		941.825407745
DoF:	370
χ²/DoF:	2.54547407499
p-value:	0.0	r

parameters
==========
0	#tau	163.489236754	±	0.831830583046
1	#phi	1.56115628407	±	0.00276372315939
2	A	-0.00430345630637	±	2.33782504282e-05
3	a	0.130486919994	±	0.0
4	b	-0.00865031359146	±	9.69216143618e-05
5	c	0.673947270334	±	0.00113731212916

covariance matrix
=================
0.691942118891	0.000148037844808	1.74960200185e-05	6.16579735071e-06	-0.00052595889497
0.000148037844808	7.63816570174e-06	6.46407573655e-09	2.23025314116e-07	-3.96851523928e-07
1.74960200185e-05	6.46407573655e-09	5.46542593082e-10	2.53681443396e-10	-2.20900614188e-08
6.16579735071e-06	2.23025314116e-07	2.53681443396e-10	9.39379933051e-09	-1.34763423283e-08
-0.00052595889497	-3.96851523928e-07	-2.20900614188e-08	-1.34763423283e-08	1.29347887913e-06

correlation matrix
==================
1.0	0.064393692953	0.899688930061	0.0764775072632	-0.555951939774
0.064393692953	1.0	0.100046037402	0.8326049386	-0.126256528422
0.899688930061	0.100046037402	1.0	0.111958237838	-0.830816754511
0.0764775072632	0.8326049386	0.111958237838	1.0	-0.122256434087
-0.555951939774	-0.126256528422	-0.830816754511	-0.122256434087	1.0

