fitting info
============
χ²:		224.572470634
DoF:	182
χ²/DoF:	1.23391467381
p-value:	0.0173349866301	r

parameters
==========
0	#tau	120.738845794	±	0.444900677148
1	#phi	0.627648286851	±	0.00485970123254
2	A	0.0219752955406	±	9.47774878324e-05
3	a	0.130486919994	±	0.0
4	b	-0.00859586984997	±	0.000167072908432
5	c	-0.456734294902	±	0.00336850413171

covariance matrix
=================
0.197936612526	-0.000964303955075	-2.3091927665e-05	-2.96717778933e-05	0.000916747222696
-0.000964303955075	2.36166960695e-05	-2.14141775557e-07	7.90161556242e-07	-1.49491113083e-05
-2.3091927665e-05	-2.14141775557e-07	8.98277219983e-09	-7.74683162564e-09	5.25511795649e-08
-2.96717778933e-05	7.90161556242e-07	-7.74683162564e-09	2.7913356732e-08	-4.75048456792e-07
0.000916747222696	-1.49491113083e-05	5.25511795649e-08	-4.75048456792e-07	1.13468200853e-05

correlation matrix
==================
1.0	-0.446006626227	-0.547635922918	-0.399185235411	0.611715453173
-0.446006626227	1.0	-0.464928999683	0.973195949919	-0.913205925688
-0.547635922918	-0.464928999683	1.0	-0.489229786292	0.164603926647
-0.399185235411	0.973195949919	-0.489229786292	1.0	-0.844101737623
0.611715453173	-0.913205925688	0.164603926647	-0.844101737623	1.0

