fitting info
============
χ²:		106810.013513
DoF:	335
χ²/DoF:	318.835861231

parameters
==========
0	#tau	123.03139632	±	0.0394993632652
1	#phi	1.88646099325	±	0.000200073465142
2	A	-0.0120563117186	±	1.64206163825e-06
3	a	0.130486919994	±	0.0
4	b	-7.58348582418e-09	±	6.13479722701e-12
5	c	1.26739926791	±	0.00045488888229

covariance matrix
=================
0.00156019969835	7.22948579565e-06	-6.4783159687e-08	-2.32332512171e-13	1.78036577767e-05
7.22948579565e-06	4.0029391454e-08	-3.06590174261e-10	-1.20830833133e-15	7.7582813384e-08
-6.4783159687e-08	-3.06590174261e-10	2.6963664238e-12	9.77637168213e-18	-7.34335490478e-10
-2.32332512171e-13	-1.20830833133e-15	9.77637168213e-18	3.76357370166e-23	-2.55192931034e-15
1.78036577767e-05	7.7582813384e-08	-7.34335490478e-10	-2.55192931034e-15	2.06923895231e-07

correlation matrix
==================
1.0	0.914803505341	-0.998809296909	-0.958781578179	0.990863475977
0.914803505341	1.0	-0.933209783426	-0.984437306477	0.852453518931
-0.998809296909	-0.933209783426	1.0	0.970483233116	-0.983104627535
-0.958781578179	-0.984437306477	0.970483233116	1.0	-0.914456612905
0.990863475977	0.852453518931	-0.983104627535	-0.914456612905	1.0

