fitting info
============
χ²:		2486.4054476
DoF:	369
χ²/DoF:	6.73822614525
p-value:	0.0	r

parameters
==========
0	#tau	117.711814337	±	0.190580321136
1	#phi	-0.000495997719473	±	0.000263749748009
2	A	-0.0487861217841	±	9.67057150189e-05
3	a	0.130486919994	±	0.0
4	b	-0.00820325189155	±	3.80062214253e-05
5	c	1.13261831075	±	0.00070388862066

covariance matrix
=================
0.0363208588044	7.19807892084e-06	1.7483709735e-05	1.62731937598e-06	7.28335284023e-05
7.19807892084e-06	6.9563929575e-08	5.59878604282e-09	8.26397950597e-09	-8.19764445799e-09
1.7483709735e-05	5.59878604282e-09	9.35199531732e-09	1.1201760113e-09	1.96108814682e-08
1.62731937598e-06	8.26397950597e-09	1.1201760113e-09	1.44447286703e-09	-2.48299204609e-09
7.28335284023e-05	-8.19764445799e-09	1.96108814682e-08	-2.48299204609e-09	4.95459190295e-07

correlation matrix
==================
1.0	0.143201146889	0.948644281158	0.224667393499	0.542936890164
0.143201146889	1.0	0.219507658714	0.824408543653	-0.0441563412329
0.948644281158	0.219507658714	1.0	0.304775065574	0.288098521888
0.224667393499	0.824408543653	0.304775065574	1.0	-0.0928146838803
0.542936890164	-0.0441563412329	0.288098521888	-0.0928146838803	1.0

