fitting info
============
χ²:		1654.34819651
DoF:	370
χ²/DoF:	4.47121134191
p-value:	0.0	r

parameters
==========
0	#tau	160.227981377	±	0.725601537902
1	#phi	1.54282603105	±	0.00243595742876
2	A	-0.00402369057937	±	1.94712120956e-05
3	a	0.130486919994	±	0.0
4	b	-0.00891829014833	±	8.91028750214e-05
5	c	0.525266985936	±	0.0009267768519

covariance matrix
=================
0.526497591805	0.000192137889815	1.26798205486e-05	8.98635876717e-06	-0.000376131621956
0.000192137889815	5.93388859474e-06	7.04329983506e-09	1.81124029857e-07	-3.43964304e-07
1.26798205486e-05	7.04329983506e-09	3.79128100471e-10	3.06814958153e-10	-1.50814381189e-08
8.98635876717e-06	1.81124029857e-07	3.06814958153e-10	7.93932233708e-09	-1.32466733256e-08
-0.000376131621956	-3.43964304e-07	-1.50814381189e-08	-1.32466733256e-08	8.58915333217e-07

correlation matrix
==================
1.0	0.108703900567	0.897474102055	0.138993292051	-0.559327888791
0.108703900567	1.0	0.148495569105	0.834477556567	-0.15235913646
0.897474102055	0.148495569105	1.0	0.176844608587	-0.835746547377
0.138993292051	0.834477556567	0.176844608587	1.0	-0.160413136734
-0.559327888791	-0.15235913646	-0.835746547377	-0.160413136734	1.0

