fitting info
============
χ²:		17767.8672613
DoF:	335
χ²/DoF:	53.0384097353

parameters
==========
0	#tau	123.484173386	±	0.168244952288
1	#phi	1.66906347229	±	0.00102924651473
2	A	-0.013907567122	±	2.67249213771e-05
3	a	0.130486919994	±	0.0
4	b	-0.0086375177859	±	2.3662167219e-05
5	c	1.58377273984	±	0.00144012733807

covariance matrix
=================
0.0283063639705	4.46219817175e-05	4.26105170344e-06	6.36631081745e-07	-0.000185115542095
4.46219817175e-05	1.05934838808e-06	4.48570687657e-09	2.4156354188e-08	-2.26318674902e-07
4.26105170344e-06	4.48570687657e-09	7.14221422613e-10	4.33256810274e-11	-3.56351651284e-08
6.36631081745e-07	2.4156354188e-08	4.33256810274e-11	5.59898157498e-10	-2.61843792034e-09
-0.000185115542095	-2.26318674902e-07	-3.56351651284e-08	-2.61843792034e-09	2.07396674987e-06

correlation matrix
==================
1.0	0.257683971636	0.947672600724	0.159915763367	-0.764011586986
0.257683971636	1.0	0.16307787716	0.991876188604	-0.152686307309
0.947672600724	0.16307787716	1.0	0.0685132300288	-0.925894372834
0.159915763367	0.991876188604	0.0685132300288	1.0	-0.0768399136129
-0.764011586986	-0.152686307309	-0.925894372834	-0.0768399136129	1.0

