fitting info
============
χ²:		1562.29535093
DoF:	369
χ²/DoF:	4.23386273964
p-value:	0.0	r

parameters
==========
0	#tau	114.316069001	±	0.295152599723
1	#phi	-0.00336427562822	±	0.000353304094328
2	A	-0.0497574002535	±	0.000136068610442
3	a	0.130486919994	±	0.0
4	b	-0.00768028577909	±	6.28246080173e-05
5	c	1.11238802311	±	0.0018051173718

covariance matrix
=================
0.087115057123	1.36586205801e-05	3.5887082057e-05	2.79389481118e-06	0.000375938007692
1.36586205801e-05	1.24823783069e-07	9.29508059234e-09	1.88101805457e-08	8.30550343165e-09
3.5887082057e-05	9.29508059234e-09	1.85146667476e-08	1.87059675169e-09	8.10439540029e-08
2.79389481118e-06	1.88101805457e-08	1.87059675169e-09	3.94693137252e-09	-8.82667027065e-10
0.000375938007692	8.30550343165e-09	8.10439540029e-08	-8.82667027065e-10	3.25844872598e-06

correlation matrix
==================
1.0	0.13098198199	0.893580298849	0.150672380793	0.705609106206
0.13098198199	1.0	0.193351052092	0.847450823648	0.01302302415
0.893580298849	0.193351052092	1.0	0.218822733347	0.329956908562
0.150672380793	0.847450823648	0.218822733347	1.0	-0.00778326236146
0.705609106206	0.01302302415	0.329956908562	-0.00778326236146	1.0

