fitting info
============
χ²:		8760.10311729
DoF:	312
χ²/DoF:	28.0772535811

parameters
==========
0	#tau	116.810143605	±	0.184131821245
1	#phi	-8.13386639251e-05	±	0.000145515897363
2	A	-0.0484783226824	±	6.61886652246e-05
3	a	0.130486919994	±	0.0
4	b	-0.00628809539872	±	3.33537618852e-05
5	c	1.11237729495	±	0.00148935667014

covariance matrix
=================
0.0339045275952	9.37113385878e-06	9.92908111791e-06	1.3665399808e-07	0.000219389050916
9.37113385878e-06	2.11748763855e-08	2.65314747316e-09	4.00097378494e-09	5.48952785114e-08
9.92908111791e-06	2.65314747316e-09	4.38093940422e-09	-1.18244703172e-10	3.04836877347e-08
1.3665399808e-07	4.00097378494e-09	-1.18244703172e-10	1.11247343189e-09	4.85312245563e-09
0.000219389050916	5.48952785114e-08	3.04836877347e-08	4.85312245563e-09	2.21818329088e-06

correlation matrix
==================
1.0	0.349746076189	0.814697881324	0.022250955726	0.799995208508
0.349746076189	1.0	0.275465570524	0.824347717917	0.253294544634
0.814697881324	0.275465570524	1.0	-0.0535615638029	0.309232524795
0.022250955726	0.824347717917	-0.0535615638029	1.0	0.0976962088395
0.799995208508	0.253294544634	0.309232524795	0.0976962088395	1.0

