fitting info
============
χ²:		1600.66889277
DoF:	182
χ²/DoF:	8.79488402618
p-value:	0.0	r

parameters
==========
0	#tau	149.520837334	±	0.512887728195
1	#phi	0.551933392972	±	0.00352477377252
2	A	0.00903444061721	±	3.37560680677e-05
3	a	0.130486919994	±	0.0
4	b	-0.0103182987293	±	0.000116555619356
5	c	0.220521358351	±	0.000948745271905

covariance matrix
=================
0.263053821733	-0.000865751670813	-8.59641360992e-06	-2.3536957184e-05	0.000250632621529
-0.000865751670813	1.24240301474e-05	-5.55925348614e-08	3.92854030062e-07	-2.4312856153e-06
-8.59641360992e-06	-5.55925348614e-08	1.13947213139e-09	-2.06311676168e-09	2.2624338252e-11
-2.3536957184e-05	3.92854030062e-07	-2.06311676168e-09	1.35852124036e-08	-6.67759108543e-08
0.000250632621529	-2.4312856153e-06	2.2624338252e-11	-6.67759108543e-08	9.00117590962e-07

correlation matrix
==================
1.0	-0.478894426031	-0.496527310786	-0.393726633027	0.515069298939
-0.478894426031	1.0	-0.46723285591	0.956239650847	-0.727034646941
-0.496527310786	-0.46723285591	1.0	-0.524371086622	0.00070643857639
-0.393726633027	0.956239650847	-0.524371086622	1.0	-0.603860996903
0.515069298939	-0.727034646941	0.00070643857639	-0.603860996903	1.0

