fitting info
============
χ²:		7957.52076442
DoF:	373
χ²/DoF:	21.3338358296

parameters
==========
0	#tau	122.5008351	±	0.346585015287
1	#phi	0.0121124285994	±	0.00031484248468
2	A	-0.0216168530241	±	5.50460461507e-05
3	a	0.130486919994	±	0.0
4	b	-0.0059357671625	±	6.31361862258e-05
5	c	0.80694928837	±	0.00116354261572

covariance matrix
=================
0.120121172822	1.72407904939e-05	1.58152799455e-05	1.38275343932e-06	0.000306691098184
1.72407904939e-05	9.91257901593e-08	3.87825462441e-09	1.62403005346e-08	1.31331432186e-08
1.58152799455e-05	3.87825462441e-09	3.03006719682e-09	3.53414302395e-10	1.77417082092e-08
1.38275343932e-06	1.62403005346e-08	3.53414302395e-10	3.98617801114e-09	9.10258979955e-10
0.000306691098184	1.31331432186e-08	1.77417082092e-08	9.10258979955e-10	1.35383141859e-06

correlation matrix
==================
1.0	0.157998899283	0.828974119093	0.063191202646	0.760517294202
0.157998899283	1.0	0.223777726878	0.817000620048	0.0358503215163
0.828974119093	0.223777726878	1.0	0.101690327639	0.277004617198
0.063191202646	0.817000620048	0.101690327639	1.0	0.0123909422586
0.760517294202	0.0358503215163	0.277004617198	0.0123909422586	1.0

