fitting info
============
χ²:		1340.5444464
DoF:	370
χ²/DoF:	3.62309309838
p-value:	0.0	r

parameters
==========
0	#tau	119.128405159	±	0.303652499393
1	#phi	-0.000886576543898	±	0.000350638225005
2	A	-0.0476627544328	±	0.000126339205708
3	a	0.130486919994	±	0.0
4	b	-0.00829055066241	±	6.14064770073e-05
5	c	1.1293608347	±	0.00184176950408

covariance matrix
=================
0.0922048403877	1.4876261194e-05	3.39226224336e-05	3.12416193323e-06	0.00039246737902
1.4876261194e-05	1.22947164835e-07	9.19660744082e-09	1.81166943776e-08	9.24778951241e-09
3.39226224336e-05	9.19660744082e-09	1.5961594899e-08	1.85347163485e-09	7.09708494077e-08
3.12416193323e-06	1.81166943776e-08	1.85347163485e-09	3.77075541845e-09	-6.94208900826e-11
0.00039246737902	9.24778951241e-09	7.09708494077e-08	-6.94208900826e-11	3.39211490616e-06

correlation matrix
==================
1.0	0.139719710025	0.88424867198	0.167549252369	0.701764552173
0.139719710025	1.0	0.207601385493	0.841405830116	0.0143200125779
0.88424867198	0.207601385493	1.0	0.238909610362	0.305004736192
0.167549252369	0.841405830116	0.238909610362	1.0	-0.000613819552325
0.701764552173	0.0143200125779	0.305004736192	-0.000613819552325	1.0

