fitting info
============
χ²:		2300.59263985
DoF:	370
χ²/DoF:	6.21781794553
p-value:	0.0	r

parameters
==========
0	#tau	130.366682604	±	0.215974565116
1	#phi	1.67879601961	±	0.000892908052589
2	A	-0.0126366000102	±	2.3980975585e-05
3	a	0.130486919994	±	0.0
4	b	-0.00901889713358	±	3.86508207651e-05
5	c	1.38982661474	±	0.000928260274555

covariance matrix
=================
0.0466450127771	4.85620624854e-05	4.84041575929e-06	2.37376948674e-06	-0.000135626341619
4.85620624854e-05	7.97284790379e-07	6.73822655442e-09	2.88410745781e-08	-3.97622365127e-07
4.84041575929e-06	6.73822655442e-09	5.75087190009e-10	3.34503749512e-10	-1.92184687779e-08
2.37376948674e-06	2.88410745781e-08	3.34503749512e-10	1.49388594581e-09	-1.61725809992e-08
-0.000135626341619	-3.97622365127e-07	-1.92184687779e-08	-1.61725809992e-08	8.61667137317e-07

correlation matrix
==================
1.0	0.251818582902	0.934572959336	0.284365702036	-0.676506033276
0.251818582902	1.0	0.314682087379	0.83569148516	-0.479727151929
0.934572959336	0.314682087379	1.0	0.360890477219	-0.863340611574
0.284365702036	0.83569148516	0.360890477219	1.0	-0.450765686768
-0.676506033276	-0.479727151929	-0.863340611574	-0.450765686768	1.0

