fitting info
============
χ²:		16075.9936022
DoF:	318
χ²/DoF:	50.5534390006

parameters
==========
0	#tau	123.009179038	±	0.174812755923
1	#phi	0.00700284969123	±	0.000129394114767
2	A	-0.0458331821375	±	5.27445833175e-05
3	a	0.130486919994	±	0.0
4	b	-0.00609819200173	±	3.14038755285e-05
5	c	1.1325766132	±	0.00150270064232

covariance matrix
=================
0.0305594996334	6.67405492343e-06	6.82127721024e-06	-6.43611865226e-08	0.000210836588928
6.67405492343e-06	1.67428369363e-08	1.60784327591e-09	3.30791949068e-09	3.58647219311e-08
6.82127721024e-06	1.60784327591e-09	2.78199106934e-09	-1.39578092411e-10	1.56399791921e-08
-6.43611865226e-08	3.30791949068e-09	-1.39578092411e-10	9.8620339821e-10	2.84212933114e-09
0.000210836588928	3.58647219311e-08	1.56399791921e-08	2.84212933114e-09	2.25810922043e-06

correlation matrix
==================
1.0	0.29505442554	0.73980065917	-0.0117237804008	0.802602281058
0.29505442554	1.0	0.235587001295	0.814061395169	0.184450769838
0.73980065917	0.235587001295	1.0	-0.0842667308195	0.197326690969
-0.0117237804008	0.814061395169	-0.0842667308195	1.0	0.0602265682156
0.802602281058	0.184450769838	0.197326690969	0.0602265682156	1.0

