fitting info
============
χ²:		2032.75781458
DoF:	374
χ²/DoF:	5.43518132241

parameters
==========
0	#tau	104.789005466	±	0.240952931382
1	#phi	-0.00960449384096	±	0.000234814806291
2	A	-0.0398113821127	±	8.62761560961e-05
3	a	0.130486919994	±	0.0
4	b	-0.00829705235757	±	5.70783025884e-05
5	c	1.09075102342	±	0.00143054351889

covariance matrix
=================
0.0580583151418	3.59813114539e-06	1.76962315382e-05	-5.33896751266e-07	0.000262199064473
3.59813114539e-06	5.51379932536e-08	1.32163389771e-10	1.13350147696e-08	2.9402205479e-08
1.76962315382e-05	1.32163389771e-10	7.44357511072e-09	-4.2104243439e-10	3.88919315042e-08
-5.33896751266e-07	1.13350147696e-08	-4.2104243439e-10	3.25793262637e-09	2.80484585315e-09
0.000262199064473	2.9402205479e-08	3.88919315042e-08	2.80484585315e-09	2.04645475943e-06

correlation matrix
==================
1.0	0.0635944618216	0.851251304113	-0.0388198644453	0.760672734085
0.0635944618216	1.0	0.0065237138539	0.845717978306	0.0875292800457
0.851251304113	0.0065237138539	1.0	-0.0854995897841	0.315113965152
-0.0388198644453	0.845717978306	-0.0854995897841	1.0	0.0343508015156
0.760672734085	0.0875292800457	0.315113965152	0.0343508015156	1.0

