fitting info
============
χ²:		119.326774543
DoF:	370
χ²/DoF:	0.322504796062
p-value:	1.40214539296e-38	l

parameters
==========
0	#tau	110.816429573	±	0.77162322137
1	#phi	1.705998603	±	0.00403709975205
2	A	-0.00959549611685	±	8.16078266744e-05
3	a	0.130486919994	±	0.0
4	b	-0.00816095390797	±	0.000183354420984
5	c	1.37460299253	±	0.0032535715869

covariance matrix
=================
0.595402395758	0.000866781400237	5.88448869854e-05	2.90963283649e-05	-0.00188582930406
0.000866781400237	1.6298174408e-05	9.23214554128e-08	6.55384995482e-07	-5.02763489152e-06
5.88448869854e-05	9.23214554128e-08	6.65983737453e-09	3.02854770529e-09	-2.43206556793e-07
2.90963283649e-05	6.55384995482e-07	3.02854770529e-09	3.36188436944e-08	-1.72531227527e-07
-0.00188582930406	-5.02763489152e-06	-2.43206556793e-07	-1.72531227527e-07	1.05857280711e-05

correlation matrix
==================
1.0	0.278249770058	0.93448348817	0.205656061483	-0.751167387288
0.278249770058	1.0	0.280221433057	0.885392069949	-0.382766467682
0.93448348817	0.280221433057	1.0	0.202400332137	-0.915973902875
0.205656061483	0.885392069949	0.202400332137	1.0	-0.289211767406
-0.751167387288	-0.382766467682	-0.915973902875	-0.289211767406	1.0

