fitting info
============
χ²:		390.360068851
DoF:	372
χ²/DoF:	1.04935502379

parameters
==========
0	#tau	117.537218235	±	0.323200022793
1	#phi	-1.57624808334	±	0.00187168518595
2	A	-0.0106148368605	±	4.12360374619e-05
3	a	0.130486919994	±	0.0
4	b	-0.00781998839355	±	6.54561961914e-05
5	c	1.53938978845	±	0.00190989284542

covariance matrix
=================
0.104458254733	6.71420410444e-05	1.27324740452e-05	1.76813893118e-06	-0.00048774443587
6.71420410444e-05	3.50320543529e-06	9.96625709912e-09	1.10520302265e-07	-4.69901405364e-07
1.27324740452e-05	9.96625709912e-09	1.70041078556e-09	2.76037518044e-10	-7.31241505116e-08
1.76813893118e-06	1.10520302265e-07	2.76037518044e-10	4.28451361985e-09	-1.38516008374e-08
-0.00048774443587	-4.69901405364e-07	-7.31241505116e-08	-1.38516008374e-08	3.64769068098e-06

correlation matrix
==================
1.0	0.110991661705	0.955354363006	0.0835784360158	-0.790154356928
0.110991661705	1.0	0.129128574871	0.90210792301	-0.131451316226
0.955354363006	0.129128574871	1.0	0.102268155822	-0.928485031233
0.0835784360158	0.90210792301	0.102268155822	1.0	-0.110800112734
-0.790154356928	-0.131451316226	-0.928485031233	-0.110800112734	1.0

