fitting info
============
χ²:		494.934470128
DoF:	182
χ²/DoF:	2.71942016554
p-value:	0.0	r

parameters
==========
0	#tau	108.587375831	±	0.389741441634
1	#phi	0.615476106003	±	0.00445325737374
2	A	0.0168486526037	±	6.2194742076e-05
3	a	0.130486919994	±	0.0
4	b	-0.00850940968531	±	0.000158476319516
5	c	-0.198781129993	±	0.00238694725702

covariance matrix
=================
0.151898391327	-0.00109169186489	-1.22636037677e-05	-3.2068274785e-05	0.000723779223631
-0.00109169186489	1.98315012368e-05	-8.84274959399e-08	6.8400013704e-07	-9.53789259608e-06
-1.22636037677e-05	-8.84274959399e-08	3.8681859419e-09	-4.2520756955e-09	-6.62611334909e-09
-3.2068274785e-05	6.8400013704e-07	-4.2520756955e-09	2.51147438473e-08	-3.0238952451e-07
0.000723779223631	-9.53789259608e-06	-6.62611334909e-09	-3.0238952451e-07	5.6975172078e-06

correlation matrix
==================
1.0	-0.628992824512	-0.505926993733	-0.519199938723	0.778012728707
-0.628992824512	1.0	-0.319268344397	0.969201363708	-0.897287895659
-0.505926993733	-0.319268344397	1.0	-0.431402780191	-0.0446336462401
-0.519199938723	0.969201363708	-0.431402780191	1.0	-0.79939153087
0.778012728707	-0.897287895659	-0.0446336462401	-0.79939153087	1.0

