fitting info
============
χ²:		1373.35337559
DoF:	183
χ²/DoF:	7.50466325458
p-value:	0.0	r

parameters
==========
0	#tau	132.334879611	±	0.286911592464
1	#phi	0.665508733	±	0.00238075085853
2	A	0.0208872829186	±	4.20377668363e-05
3	a	0.130486919994	±	0.0
4	b	-0.00720675780141	±	7.4361204885e-05
5	c	-0.489243840281	±	0.00176149092682

covariance matrix
=================
0.08231826189	-0.000406971462225	-7.00067576735e-06	-9.79990006087e-06	0.000347916912576
-0.000406971462225	5.6679746504e-06	-2.59085261462e-08	1.68826745304e-07	-3.65746256981e-06
-7.00067576735e-06	-2.59085261462e-08	1.76717384058e-09	-1.1879136839e-09	-6.30777918788e-09
-9.79990006087e-06	1.68826745304e-07	-1.1879136839e-09	5.52958879194e-09	-1.00349806178e-07
0.000347916912576	-3.65746256981e-06	-6.30777918788e-09	-1.00349806178e-07	3.10285028528e-06

correlation matrix
==================
1.0	-0.59580193724	-0.580433180564	-0.459332455355	0.688409784213
-0.59580193724	1.0	-0.258874409585	0.953632141815	-0.872138643713
-0.580433180564	-0.258874409585	1.0	-0.380013329171	-0.0851836871215
-0.459332455355	0.953632141815	-0.380013329171	1.0	-0.766107491844
0.688409784213	-0.872138643713	-0.0851836871215	-0.766107491844	1.0

