fitting info
============
χ²:		963.473719997
DoF:	370
χ²/DoF:	2.60398302702
p-value:	0.0	r

parameters
==========
0	#tau	113.485925931	±	0.236618170325
1	#phi	1.69265097643	±	0.0011799512356
2	A	-0.0106564907545	±	2.65840170563e-05
3	a	0.130486919994	±	0.0
4	b	-0.00839904615574	±	5.55538559426e-05
5	c	1.34269696077	±	0.00100359558239

covariance matrix
=================
0.055988158528	8.36131131029e-05	5.90216445253e-06	3.75516127517e-06	-0.00017409071716
8.36131131029e-05	1.39228491841e-06	1.090240428e-08	5.68510836627e-08	-5.80537137776e-07
5.90216445253e-06	1.090240428e-08	7.06709962849e-10	4.94112449738e-10	-2.39640584472e-08
3.75516127517e-06	5.68510836627e-08	4.94112449738e-10	3.08623091009e-09	-2.38453394488e-08
-0.00017409071716	-5.80537137776e-07	-2.39640584472e-08	-2.38453394488e-08	1.007204093e-06

correlation matrix
==================
1.0	0.299476150686	0.938301925172	0.285671091089	-0.733109388944
0.299476150686	1.0	0.347566264321	0.867282293077	-0.49023826547
0.938301925172	0.347566264321	1.0	0.334573069975	-0.898216486712
0.285671091089	0.867282293077	0.334573069975	1.0	-0.427691441685
-0.733109388944	-0.49023826547	-0.898216486712	-0.427691441685	1.0

