fitting info
============
χ²:		1522.32435005
DoF:	369
χ²/DoF:	4.12554024405
p-value:	0.0	r

parameters
==========
0	#tau	118.874221893	±	0.186334647278
1	#phi	1.55852720729	±	0.000768388506777
2	A	-0.0123175225242	±	2.26875280157e-05
3	a	0.130486919994	±	0.0
4	b	-0.0088618256362	±	3.57763095893e-05
5	c	1.33355734081	±	0.000870250873608

covariance matrix
=================
0.0347206007762	1.78957663761e-05	3.93652152545e-06	1.54029346233e-07	-0.000117668416322
1.78957663761e-05	5.90420897347e-07	2.1444667283e-09	2.3281539311e-08	-5.86596500999e-08
3.93652152545e-06	2.1444667283e-09	5.14723927461e-10	1.75758554448e-11	-1.79205019979e-08
1.54029346233e-07	2.3281539311e-08	1.75758554448e-11	1.27994432783e-09	-7.54211205825e-10
-0.000117668416322	-5.86596500999e-08	-1.79205019979e-08	-7.54211205825e-10	7.57336583015e-07

correlation matrix
==================
1.0	0.124990160481	0.931176133526	0.0231054438926	-0.725641019559
0.124990160481	1.0	0.12301307464	0.846906158542	-0.0877231342104
0.931176133526	0.12301307464	1.0	0.0216537816561	-0.907650235293
0.0231054438926	0.846906158542	0.0216537816561	1.0	-0.0242243968588
-0.725641019559	-0.0877231342104	-0.907650235293	-0.0242243968588	1.0

