fitting info
============
χ²:		1359.38461428
DoF:	369
χ²/DoF:	3.6839691444
p-value:	0.0	r

parameters
==========
0	#tau	115.650238646	±	0.293537568596
1	#phi	0.00190125116699	±	0.000343317074464
2	A	-0.0494549526396	±	0.00013058507832
3	a	0.130486919994	±	0.0
4	b	-0.00760991421447	±	6.19467332677e-05
5	c	1.1640161844	±	0.0018468943193

covariance matrix
=================
0.0861643041773	1.43104007949e-05	3.39400975221e-05	2.909497053e-06	0.000383213592743
1.43104007949e-05	1.17866613619e-07	9.65082624233e-09	1.79490504964e-08	6.05760048537e-09
3.39400975221e-05	9.65082624233e-09	1.70524626797e-08	1.89126241012e-09	7.56675798332e-08
2.909497053e-06	1.79490504964e-08	1.89126241012e-09	3.83739776253e-09	-6.01246260382e-10
0.000383213592743	6.05760048537e-09	7.56675798332e-08	-6.01246260382e-10	3.41101862668e-06

correlation matrix
==================
1.0	0.142001424687	0.885433275941	0.160005834814	0.706862865919
0.142001424687	1.0	0.215266048845	0.843971278607	0.00955351475104
0.885433275941	0.215266048845	1.0	0.233797481162	0.313743144002
0.160005834814	0.843971278607	0.233797481162	1.0	-0.00525523248797
0.706862865919	0.00955351475104	0.313743144002	-0.00525523248797	1.0

