fitting info
============
χ²:		3169.20709691
DoF:	369
χ²/DoF:	8.588637119
p-value:	0.0	r

parameters
==========
0	#tau	132.017734275	±	0.180009456807
1	#phi	1.6964383981	±	0.000710938790922
2	A	-0.0124216477043	±	1.84664068037e-05
3	a	0.130486919994	±	0.0
4	b	-0.00822291160712	±	2.97195573857e-05
5	c	1.37681197243	±	0.000744468581543

covariance matrix
=================
0.0324034045398	3.49816896941e-05	3.05468429879e-06	5.58826167712e-07	-8.72588659349e-05
3.49816896941e-05	5.05433964438e-07	3.27314116528e-09	1.75269388808e-08	-1.53155906674e-07
3.05468429879e-06	3.27314116528e-09	3.41008180239e-10	4.44266318595e-11	-1.19472267322e-08
5.58826167712e-07	1.75269388808e-08	4.44266318595e-11	8.832520912e-10	-3.46455260336e-09
-8.72588659349e-05	-1.53155906674e-07	-1.19472267322e-08	-3.46455260336e-09	5.54233468905e-07

correlation matrix
==================
1.0	0.273346331919	0.918943082027	0.104457367266	-0.651130245034
0.273346331919	1.0	0.249315986102	0.82952890523	-0.289371106687
0.918943082027	0.249315986102	1.0	0.0809503355565	-0.869037131477
0.104457367266	0.82952890523	0.0809503355565	1.0	-0.156587989632
-0.651130245034	-0.289371106687	-0.869037131477	-0.156587989632	1.0

