fitting info
============
χ²:		210.265374423
DoF:	182
χ²/DoF:	1.15530425507
p-value:	0.0741432139199	r

parameters
==========
0	#tau	111.200568688	±	0.498312701379
1	#phi	0.653559094766	±	0.00667032055399
2	A	0.0197691326438	±	0.000109877163032
3	a	0.130486919994	±	0.0
4	b	-0.00744127969445	±	0.00023528613506
5	c	-0.281004991589	±	0.00417763388187

covariance matrix
=================
0.248315548356	-0.00145327525219	-2.92322510583e-05	-4.73011729331e-05	0.00128719944318
-0.00145327525219	4.44931762929e-05	-3.62071977577e-07	1.53491426241e-06	-2.5952333225e-05
-2.92322510583e-05	-3.62071977577e-07	1.2072990956e-08	-1.31816785635e-08	9.81680917694e-08
-4.73011729331e-05	1.53491426241e-06	-1.31816785635e-08	5.53595653516e-08	-8.59891701532e-07
0.00128719944318	-2.5952333225e-05	9.81680917694e-08	-8.59891701532e-07	1.7452624851e-05

correlation matrix
==================
1.0	-0.437219190547	-0.533891326349	-0.403435041456	0.618320306439
-0.437219190547	1.0	-0.494015722782	0.978005012249	-0.931320852242
-0.533891326349	-0.494015722782	1.0	-0.509878786635	0.213861463606
-0.403435041456	0.978005012249	-0.509878786635	1.0	-0.874816660087
0.618320306439	-0.931320852242	0.213861463606	-0.874816660087	1.0

