fitting info
============
χ²:		881.867773932
DoF:	369
χ²/DoF:	2.38988556621
p-value:	0.0	r

parameters
==========
0	#tau	116.27300878	±	0.24445760113
1	#phi	1.56389740562	±	0.0010320250463
2	A	-0.0107411723856	±	2.73089662537e-05
3	a	0.130486919994	±	0.0
4	b	-0.00844596987588	±	5.04524896477e-05
5	c	1.54086922444	±	0.00100745578592

covariance matrix
=================
0.0597595187502	3.21306732683e-05	6.27413274866e-06	2.23549186925e-06	-0.000184079057787
3.21306732683e-05	1.06507569618e-06	5.42688292351e-09	4.37356850151e-08	-2.65339060124e-07
6.27413274866e-06	5.42688292351e-09	7.45779637844e-10	3.40694471132e-10	-2.50783081964e-08
2.23549186925e-06	4.37356850151e-08	3.40694471132e-10	2.54545371165e-09	-1.3832724043e-08
-0.000184079057787	-2.65339060124e-07	-2.50783081964e-08	-1.3832724043e-08	1.01496716059e-06

correlation matrix
==================
1.0	0.127357945	0.939820462998	0.181253727634	-0.747437428374
0.127357945	1.0	0.19255506831	0.839968681961	-0.255202517175
0.939820462998	0.19255506831	1.0	0.247273299016	-0.91152163076
0.181253727634	0.839968681961	0.247273299016	1.0	-0.27214422049
-0.747437428374	-0.255202517175	-0.91152163076	-0.27214422049	1.0

