fitting info
============
χ²:		4730.41299439
DoF:	315
χ²/DoF:	15.0171841092

parameters
==========
0	#tau	136.961987859	±	0.201244059541
1	#phi	1.64666089363	±	0.000853021159514
2	A	-0.0111004996043	±	1.78817446272e-05
3	a	0.130486919994	±	0.0
4	b	-0.00926547997164	±	2.31891960072e-05
5	c	1.17362871423	±	0.000913114589359

covariance matrix
=================
0.0404991715005	-7.08929216554e-08	3.39242393699e-06	-1.49330120167e-06	-0.000125048212176
-7.08929216554e-08	7.27645098579e-07	1.58479467217e-10	1.85772765747e-08	-4.15243244959e-08
3.39242393699e-06	1.58479467217e-10	3.19756790912e-10	-1.08097679328e-10	-1.44523434531e-08
-1.49330120167e-06	1.85772765747e-08	-1.08097679328e-10	5.37738811459e-10	2.13103848338e-09
-0.000125048212176	-4.15243244959e-08	-1.44523434531e-08	2.13103848338e-09	8.33778253301e-07

correlation matrix
==================
1.0	-0.000412971424162	0.942707931758	-0.319991655803	-0.680501576608
-0.000412971424162	1.0	0.010389707235	0.939153434835	-0.0533110811688
0.942707931758	0.010389707235	1.0	-0.260687850244	-0.885121935301
-0.319991655803	0.939153434835	-0.260687850244	1.0	0.100642245768
-0.680501576608	-0.0533110811688	-0.885121935301	0.100642245768	1.0

