fitting info
============
χ²:		1373.08720236
DoF:	369
χ²/DoF:	3.72110352943
p-value:	0.0	r

parameters
==========
0	#tau	115.199695622	±	0.292589102673
1	#phi	-0.00502800076695	±	0.000343803815589
2	A	-0.0497922317705	±	0.000132213396079
3	a	0.130486919994	±	0.0
4	b	-0.0088798684553	±	6.17866175205e-05
5	c	1.13969139919	±	0.00182247133977

covariance matrix
=================
0.085608383003	1.53344046414e-05	3.44309440913e-05	3.34387338553e-06	0.000377889491694
1.53344046414e-05	1.18201063613e-07	9.71929913879e-09	1.79398596784e-08	2.17855254381e-08
3.44309440913e-05	9.71929913879e-09	1.74803821028e-08	2.0357010182e-09	7.85608161442e-08
3.34387338553e-06	1.79398596784e-08	2.0357010182e-09	3.81758610462e-09	2.53250509468e-09
0.000377889491694	2.17855254381e-08	7.85608161442e-08	2.53250509468e-09	3.32140178427e-06

correlation matrix
==================
1.0	0.15243969806	0.890051883002	0.184968279543	0.708673121094
0.15243969806	1.0	0.213820231743	0.844527758659	0.0347693554167
0.890051883002	0.213820231743	1.0	0.24919774751	0.326039199688
0.184968279543	0.844527758659	0.24919774751	1.0	0.0224902974735
0.708673121094	0.0347693554167	0.326039199688	0.0224902974735	1.0

