fitting info
============
χ²:		2933.68284061
DoF:	369
χ²/DoF:	7.95036000166
p-value:	0.0	r

parameters
==========
0	#tau	116.592644335	±	0.144541095687
1	#phi	-0.00486704907572	±	0.000205530935366
2	A	-0.0496034166833	±	7.33862660502e-05
3	a	0.130486919994	±	0.0
4	b	-0.00832444635304	±	2.88728928969e-05
5	c	1.13579744918	±	0.000635337178231

covariance matrix
=================
0.0208921283423	3.1807347791e-06	9.92075425658e-06	-1.53764291857e-07	5.80848638044e-05
3.1807347791e-06	4.22429653926e-08	1.12045715929e-09	4.98838488129e-09	1.07059441939e-08
9.92075425658e-06	1.12045715929e-09	5.38554404478e-09	-1.3237712822e-10	1.64440886201e-08
-1.53764291857e-07	4.98838488129e-09	-1.3237712822e-10	8.33643944234e-10	8.15093833167e-10
5.80848638044e-05	1.07059441939e-08	1.64440886201e-08	8.15093833167e-10	4.03653330043e-07

correlation matrix
==================
1.0	0.10706780921	0.935273347552	-0.0368446003464	0.632509951782
0.10706780921	1.0	0.0742853657865	0.840605942306	0.0819867189682
0.935273347552	0.0742853657865	1.0	-0.0624752301127	0.352688052335
-0.0368446003464	0.840605942306	-0.0624752301127	1.0	0.0444337572108
0.632509951782	0.0819867189682	0.352688052335	0.0444337572108	1.0

