fitting info
============
χ²:		2283.8227072
DoF:	182
χ²/DoF:	12.5484764132
p-value:	0.0	r

parameters
==========
0	#tau	140.468597225	±	0.4401346661
1	#phi	0.662124384063	±	0.00353103195238
2	A	0.00981054397799	±	3.26591610756e-05
3	a	0.130486919994	±	0.0
4	b	-0.00599610351875	±	0.000109478162944
5	c	0.149344600063	±	0.00132948665916

covariance matrix
=================
0.193718524303	-0.00074037191025	-8.82711405881e-06	-1.91904916936e-05	0.000362342082175
-0.00074037191025	1.24681866487e-05	-3.89050247101e-08	3.70637721418e-07	-3.90775275766e-06
-8.82711405881e-06	-3.89050247101e-08	1.06662080216e-09	-1.43210899164e-09	-3.51449379402e-09
-1.91904916936e-05	3.70637721418e-07	-1.43210899164e-09	1.19854681616e-08	-1.05143048199e-07
0.000362342082175	-3.90775275766e-06	-3.51449379402e-09	-1.05143048199e-07	1.76753477689e-06

correlation matrix
==================
1.0	-0.476390080243	-0.614084502861	-0.398265809902	0.619226046657
-0.476390080243	1.0	-0.337364222132	0.958783316651	-0.832417969851
-0.614084502861	-0.337364222132	1.0	-0.400537834526	-0.0809419703917
-0.398265809902	0.958783316651	-0.400537834526	1.0	-0.722385597141
0.619226046657	-0.832417969851	-0.0809419703917	-0.722385597141	1.0

