fitting info
============
χ²:		1411.48052108
DoF:	369
χ²/DoF:	3.82515046364
p-value:	0.0	r

parameters
==========
0	#tau	115.732720072	±	0.296431966145
1	#phi	-0.000742552188027	±	0.000358473881045
2	A	-0.0499352027581	±	0.000136601307148
3	a	0.130486919994	±	0.0
4	b	-0.00796461529596	±	6.21439651819e-05
5	c	1.08953534151	±	0.00179748971875

covariance matrix
=================
0.0878719105526	1.28491519618e-05	3.62333417161e-05	2.63424139342e-06	0.000371896234398
1.28491519618e-05	1.28503523391e-07	9.33987406227e-09	1.88671065221e-08	-3.00286121184e-09
3.62333417161e-05	9.33987406227e-09	1.86599171145e-08	1.85436467232e-09	7.93993269123e-08
2.63424139342e-06	1.88671065221e-08	1.85436467232e-09	3.86187240852e-09	-2.95512303252e-09
0.000371896234398	-3.00286121184e-09	7.93993269123e-08	-2.95512303252e-09	3.23096928902e-06

correlation matrix
==================
1.0	0.120918266656	0.894805201761	0.142998530543	0.697959674455
0.120918266656	1.0	0.190734233034	0.846932547541	-0.0046602726658
0.894805201761	0.190734233034	1.0	0.21844460798	0.323366890637
0.142998530543	0.846932547541	0.21844460798	1.0	-0.026455147745
0.697959674455	-0.0046602726658	0.323366890637	-0.026455147745	1.0

