fitting info
============
χ²:		806.377824893
DoF:	369
χ²/DoF:	2.18530575852
p-value:	0.0	r

parameters
==========
0	#tau	102.219169764	±	0.377051319568
1	#phi	-0.00831045866168	±	0.000507169825986
2	A	-0.0328241905881	±	0.000135021911394
3	a	0.130486919994	±	0.0
4	b	-0.00761107548331	±	9.76690233435e-05
5	c	0.933730174476	±	0.00141630569426

covariance matrix
=================
0.142167697588	2.57232820736e-05	4.63282442823e-05	4.93318671439e-06	0.000375114189769
2.57232820736e-05	2.5722123239e-07	1.13016927646e-08	4.28941380375e-08	4.16398392643e-08
4.63282442823e-05	1.13016927646e-08	1.82309165564e-08	2.14444702225e-09	6.92167948523e-08
4.93318671439e-06	4.28941380375e-08	2.14444702225e-09	9.53923812087e-09	6.52173793893e-09
0.000375114189769	4.16398392643e-08	6.92167948523e-08	6.52173793893e-09	2.00592181959e-06

correlation matrix
==================
1.0	0.134515554968	0.909999440352	0.133958489935	0.702434811964
0.134515554968	1.0	0.165038716651	0.865939783625	0.0579693773762
0.909999440352	0.165038716651	1.0	0.162612611707	0.361951376122
0.133958489935	0.865939783625	0.162612611707	1.0	0.0471465043235
0.702434811964	0.0579693773762	0.361951376122	0.0471465043235	1.0

