fitting info
============
χ²:		988.226144848
DoF:	369
χ²/DoF:	2.67811963373
p-value:	0.0	r

parameters
==========
0	#tau	111.685386849	±	0.292953811318
1	#phi	-0.00416095336977	±	0.000344434031183
2	A	-0.0468561809839	±	0.000128514839928
3	a	0.130486919994	±	0.0
4	b	-0.007368225801	±	6.50375710241e-05
5	c	1.12085797336	±	0.0017254599697

covariance matrix
=================
0.085821935566	1.35910557947e-05	3.35171000903e-05	2.9051806469e-06	0.000359247784954
1.35910557947e-05	1.18634801837e-07	8.30909885681e-09	1.89467299994e-08	1.83900071601e-08
3.35171000903e-05	8.30909885681e-09	1.65160640818e-08	1.73239957118e-09	7.27555674576e-08
2.9051806469e-06	1.89467299994e-08	1.73239957118e-09	4.22988564472e-09	1.96916683229e-09
0.000359247784954	1.83900071601e-08	7.27555674576e-08	1.96916683229e-09	2.97721210703e-06

correlation matrix
==================
1.0	0.134693918717	0.890254144418	0.152478874175	0.710706125024
0.134693918717	1.0	0.187713104249	0.84579263385	0.0309436083445
0.890254144418	0.187713104249	1.0	0.207267149532	0.328101385647
0.152478874175	0.84579263385	0.207267149532	1.0	0.017547421601
0.710706125024	0.0309436083445	0.328101385647	0.017547421601	1.0

