fitting info
============
χ²:		873.822126242
DoF:	185
χ²/DoF:	4.72336284455

parameters
==========
0	#tau	133.928198638	±	0.784343226601
1	#phi	1.57422067904	±	0.00284206273947
2	A	0.00865389528816	±	7.14093389301e-05
3	a	0.130486919994	±	0.0
4	b	-0.00713853305994	±	0.000109925876381
5	c	-0.152885261792	±	0.00393893368939

covariance matrix
=================
0.615194297114	0.000974988601894	-5.35347346959e-05	3.16084708567e-05	0.00275036928454
0.000974988601894	8.0773206151e-06	-1.02455222459e-07	2.94924820975e-07	6.18161484823e-06
-5.35347346959e-05	-1.02455222459e-07	5.09929368643e-09	-3.31834970508e-09	-2.75695938631e-07
3.16084708567e-05	2.94924820975e-07	-3.31834970508e-09	1.20836982981e-08	2.01414665603e-07
0.00275036928454	6.18161484823e-06	-2.75695938631e-07	2.01414665603e-07	1.55151986094e-05

correlation matrix
==================
1.0	0.437380812766	-0.955816430336	0.366604168692	0.890238124771
0.437380812766	1.0	-0.504830315891	0.944012460627	0.552191366093
-0.955816430336	-0.504830315891	1.0	-0.42273402333	-0.980159347742
0.366604168692	0.944012460627	-0.42273402333	1.0	0.465170840885
0.890238124771	0.552191366093	-0.980159347742	0.465170840885	1.0

