fitting info
============
χ²:		62663.9278476
DoF:	351
χ²/DoF:	178.529708968

parameters
==========
0	#tau	127.110794067	±	0.157467701281
1	#phi	-0.00143413180526	±	0.000120853750879
2	A	-0.0417433488344	±	3.95568235619e-05
3	a	0.130486919994	±	0.0
4	b	-0.00605578352019	±	3.35667914438e-05
5	c	1.17694135606	±	0.00145951418765

covariance matrix
=================
0.0247960769467	-6.57421688491e-07	3.54519652265e-06	-1.31085736495e-06	0.000181546298585
-6.57421688491e-07	1.46056291016e-08	-1.06443722744e-09	3.17077214057e-09	8.81988572767e-09
3.54519652265e-06	-1.06443722744e-09	1.56474229031e-09	-5.05492432816e-10	-2.81970142505e-09
-1.31085736495e-06	3.17077214057e-09	-5.05492432816e-10	1.12672948783e-09	-2.23212018424e-09
0.000181546298585	8.81988572767e-09	-2.81970142505e-09	-2.23212018424e-09	2.13018166394e-06

correlation matrix
==================
1.0	-0.0345455734136	0.56915088666	-0.248001393182	0.789928148941
-0.0345455734136	1.0	-0.222658106225	0.781618930928	0.0500028206364
0.56915088666	-0.222658106225	1.0	-0.380700474564	-0.0488397455412
-0.248001393182	0.781618930928	-0.380700474564	1.0	-0.0455616478875
0.789928148941	0.0500028206364	-0.0488397455412	-0.0455616478875	1.0

