fitting info
============
χ²:		9310.33645878
DoF:	349
χ²/DoF:	26.6771818303

parameters
==========
0	#tau	159.065696911	±	0.266045462238
1	#phi	1.56564295527	±	0.0011909221046
2	A	-0.00435776370687	±	9.38484818952e-06
3	a	0.130486919994	±	0.0
4	b	-0.00798334923803	±	2.38792730736e-05
5	c	0.673883456739	±	0.000570787327702

covariance matrix
=================
0.0707801879772	4.49904744696e-05	2.37475274961e-06	8.07952783712e-07	-0.000106849508662
4.49904744696e-05	1.41829545922e-06	1.59889583114e-09	2.7260793899e-08	-7.13924961924e-08
2.37475274961e-06	1.59889583114e-09	8.80753755403e-11	2.96257899942e-11	-4.74092579945e-09
8.07952783712e-07	2.7260793899e-08	2.96257899942e-11	5.70219682521e-10	-1.39392046554e-09
-0.000106849508662	-7.13924961924e-08	-4.74092579945e-09	-1.39392046554e-09	3.25798173465e-07

correlation matrix
==================
1.0	0.14199771674	0.9511199507	0.127177131088	-0.703626764895
0.14199771674	1.0	0.143057147821	0.958592531763	-0.105025531545
0.9511199507	0.143057147821	1.0	0.1321969959	-0.885037319001
0.127177131088	0.958592531763	0.1321969959	1.0	-0.102268661022
-0.703626764895	-0.105025531545	-0.885037319001	-0.102268661022	1.0

