fitting info
============
χ²:		772.47238703
DoF:	370
χ²/DoF:	2.08776320819
p-value:	0.0	r

parameters
==========
0	#tau	110.36229753	±	0.285647115955
1	#phi	-0.00502241222064	±	0.000348351806211
2	A	-0.0480135931036	±	0.000132020131933
3	a	0.130486919994	±	0.0
4	b	-0.00812351909974	±	6.61849662628e-05
5	c	1.11945990684	±	0.00170080266529

covariance matrix
=================
0.0815942748537	1.48320825136e-05	3.36512962935e-05	3.15153978913e-06	0.000340588702655
1.48320825136e-05	1.21348980891e-07	9.61449074097e-09	1.95990530018e-08	1.75437448508e-08
3.36512962935e-05	9.61449074097e-09	1.74293152356e-08	2.00114668899e-09	7.18717442038e-08
3.15153978913e-06	1.95990530018e-08	2.00114668899e-09	4.38044975921e-09	1.39964951798e-09
0.000340588702655	1.75437448508e-08	7.18717442038e-08	1.39964951798e-09	2.89272970626e-06

correlation matrix
==================
1.0	0.14905763374	0.892342941141	0.166699232088	0.701045921419
0.14905763374	1.0	0.209058608988	0.850075831353	0.0296108113931
0.892342941141	0.209058608988	1.0	0.229023164095	0.320084094875
0.166699232088	0.850075831353	0.229023164095	1.0	0.0124338613245
0.701045921419	0.0296108113931	0.320084094875	0.0124338613245	1.0

