fitting info
============
χ²:		406.088850097
DoF:	183
χ²/DoF:	2.21906475463
p-value:	0.0	r

parameters
==========
0	#tau	104.399100881	±	0.390283246275
1	#phi	0.674616390873	±	0.00552068062704
2	A	0.0140315969187	±	5.84454153609e-05
3	a	0.130486919994	±	0.0
4	b	-0.00518069069938	±	0.000194508160726
5	c	-0.198305893735	±	0.0026685378521

covariance matrix
=================
0.152321012323	-0.00126665566603	-1.20316617008e-05	-3.9379611275e-05	0.000790545005785
-0.00126665566603	3.04779145858e-05	-1.11068678104e-07	1.05009685503e-06	-1.35429412723e-05
-1.20316617008e-05	-1.11068678104e-07	3.4158665767e-09	-4.71554226343e-09	1.32712952537e-09
-3.9379611275e-05	1.05009685503e-06	-4.71554226343e-09	3.7833424589e-08	-4.40098888342e-07
0.000790545005785	-1.35429412723e-05	1.32712952537e-09	-4.40098888342e-07	7.1210942681e-06

correlation matrix
==================
1.0	-0.587876415784	-0.527466951519	-0.518744719568	0.759055136094
-0.587876415784	1.0	-0.344229851781	0.977910044182	-0.919278290269
-0.527466951519	-0.344229851781	1.0	-0.414804410049	0.00850921494843
-0.518744719568	0.977910044182	-0.414804410049	1.0	-0.847889148178
0.759055136094	-0.919278290269	0.00850921494843	-0.847889148178	1.0

