fitting info
============
χ²:		4829.97123046
DoF:	320
χ²/DoF:	15.0936600952

parameters
==========
0	#tau	131.774157363	±	0.178744277804
1	#phi	1.70188059958	±	0.000860331261419
2	A	-0.0125116384563	±	2.02707772698e-05
3	a	0.130486919994	±	0.0
4	b	-0.00776546950732	±	2.31928125788e-05
5	c	1.3269673367	±	0.00105156165107

covariance matrix
=================
0.0319495168476	-2.47152549208e-08	3.40401972296e-06	-1.31455383329e-06	-0.000131067848139
-2.47152549208e-08	7.40169879375e-07	-1.01000444322e-09	1.87908539845e-08	-1.02030333375e-10
3.40401972296e-06	-1.01000444322e-09	4.10904411123e-10	-1.54530108898e-10	-1.91118881246e-08
-1.31455383329e-06	1.87908539845e-08	-1.54530108898e-10	5.37906555316e-10	4.15656603673e-09
-0.000131067848139	-1.02030333375e-10	-1.91118881246e-08	4.15656603673e-09	1.10578190599e-06

correlation matrix
==================
1.0	-0.000160719007883	0.939484281859	-0.317097494093	-0.697315441076
-0.000160719007883	1.0	-0.0579144823186	0.941732146332	-0.000112779161703
0.939484281859	-0.0579144823186	1.0	-0.32869211842	-0.896599419054
-0.317097494093	0.941732146332	-0.32869211842	1.0	0.170430189377
-0.697315441076	-0.000112779161703	-0.896599419054	0.170430189377	1.0

