fitting info
============
χ²:		895.61136717
DoF:	184
χ²/DoF:	4.86745308245

parameters
==========
0	#tau	151.679891233	±	0.578612291765
1	#phi	0.535295616174	±	0.00465269014408
2	A	0.00904674188656	±	5.54224495231e-05
3	a	0.130486919994	±	0.0
4	b	-0.0103408476603	±	0.000158566768017
5	c	0.223255712966	±	0.000954653166247

covariance matrix
=================
0.334792184182	0.00021610163468	-2.11410562217e-05	-1.25405426519e-06	-3.26125431441e-05
0.00021610163468	2.16475255768e-05	-1.94176562233e-07	7.08700715878e-07	-3.89731697942e-06
-2.11410562217e-05	-1.94176562233e-07	3.07164791114e-09	-5.77002729416e-09	3.06723243077e-08
-1.25405426519e-06	7.08700715878e-07	-5.77002729416e-09	2.51434199193e-08	-1.22453243564e-07
-3.26125431441e-05	-3.89731697942e-06	3.06723243077e-08	-1.22453243564e-07	9.11362667826e-07

correlation matrix
==================
1.0	0.0802724033649	-0.659254813264	-0.0136683628688	-0.0590406858693
0.0802724033649	1.0	-0.753020779547	0.960608812426	-0.877437076098
-0.659254813264	-0.753020779547	1.0	-0.656568399987	0.57971608907
-0.0136683628688	0.960608812426	-0.656568399987	1.0	-0.808932905206
-0.0590406858693	-0.877437076098	0.57971608907	-0.808932905206	1.0

