fitting info
============
χ²:		2808.83616758
DoF:	370
χ²/DoF:	7.59144910156
p-value:	0.0	r

parameters
==========
0	#tau	129.76810612	±	0.178863832568
1	#phi	1.68044082827	±	0.000706300364289
2	A	-0.0126801075821	±	1.92277789687e-05
3	a	0.130486919994	±	0.0
4	b	-0.00895203272722	±	2.97631217707e-05
5	c	1.38996739887	±	0.000767594576151

covariance matrix
=================
0.0319922706011	3.54565590835e-05	3.17332369785e-06	6.47436152702e-07	-9.19105750009e-05
3.54565590835e-05	4.98860204594e-07	3.56532100143e-09	1.75217193524e-08	-1.59274084193e-07
3.17332369785e-06	3.56532100143e-09	3.69707484068e-10	5.90301302326e-11	-1.29575877642e-08
6.47436152702e-07	1.75217193524e-08	5.90301302326e-11	8.85843417537e-10	-3.81130453597e-09
-9.19105750009e-05	-1.59274084193e-07	-1.29575877642e-08	-3.81130453597e-09	5.89201433336e-07

correlation matrix
==================
1.0	0.280662651797	0.922704676249	0.121617461211	-0.66943906739
0.280662651797	1.0	0.26253069365	0.833506149719	-0.29378105699
0.922704676249	0.26253069365	1.0	0.103149265324	-0.877936571898
0.121617461211	0.833506149719	0.103149265324	1.0	-0.166825821916
-0.66943906739	-0.29378105699	-0.877936571898	-0.166825821916	1.0

