fitting info
============
χ²:		2342.28395463
DoF:	369
χ²/DoF:	6.34765299359
p-value:	0.0	r

parameters
==========
0	#tau	112.678112484	±	0.155888105302
1	#phi	-0.0034651470303	±	0.000225794313732
2	A	-0.0464721088753	±	7.76859970269e-05
3	a	0.130486919994	±	0.0
4	b	-0.00724446271073	±	3.26500887668e-05
5	c	1.1250541831	±	0.000631562822506

covariance matrix
=================
0.0243011013746	3.52102886226e-06	1.13585115839e-05	-1.43743032807e-07	6.2815067536e-05
3.52102886226e-06	5.09830721137e-08	1.17643105272e-09	6.24260460263e-09	1.17629742286e-08
1.13585115839e-05	1.17643105272e-09	6.03511413406e-09	-1.40535681599e-10	1.79499360271e-08
-1.43743032807e-07	6.24260460263e-09	-1.40535681599e-10	1.06602829648e-09	1.05988964713e-09
6.2815067536e-05	1.17629742286e-08	1.79499360271e-08	1.05988964713e-09	3.98871598771e-07

correlation matrix
==================
1.0	0.100033071915	0.937919797164	-0.0282416104826	0.638020004043
0.100033071915	1.0	0.0670672864211	0.84677584552	0.0824873948666
0.937919797164	0.0670672864211	1.0	-0.055406344005	0.365850459024
-0.0282416104826	0.84677584552	-0.055406344005	1.0	0.0513995985176
0.638020004043	0.0824873948666	0.365850459024	0.0513995985176	1.0

