fitting info
============
χ²:		12581.5275863
DoF:	374
χ²/DoF:	33.6404480917

parameters
==========
0	#tau	106.577429146	±	0.150975068851
1	#phi	-0.00470303958227	±	0.000144653920838
2	A	-0.0467893019564	±	5.41176726675e-05
3	a	0.130486919994	±	0.0
4	b	-0.00750288115588	±	4.05013558071e-05
5	c	1.10489812532	±	0.0013687610159

covariance matrix
=================
0.0227934714146	-3.97126018519e-06	5.77034583053e-06	-1.7955502445e-06	0.000163106621268
-3.97126018519e-06	2.09247568137e-08	-3.30960720444e-09	4.89270768762e-09	6.03137541527e-09
5.77034583053e-06	-3.30960720444e-09	2.92872249495e-09	-1.08644366497e-09	9.59642215034e-09
-1.7955502445e-06	4.89270768762e-09	-1.08644366497e-09	1.64035982221e-09	-9.74954445195e-10
0.000163106621268	6.03137541527e-09	9.59642215034e-09	-9.74954445195e-10	1.87350671865e-06

correlation matrix
==================
1.0	-0.181841454138	0.706248428431	-0.293645104118	0.789293865985
-0.181841454138	1.0	-0.422772891368	0.835121180395	0.030462007752
0.706248428431	-0.422772891368	1.0	-0.495676738753	0.129551547668
-0.293645104118	0.835121180395	-0.495676738753	1.0	-0.0175868125466
0.789293865985	0.030462007752	0.129551547668	-0.0175868125466	1.0

