fitting info
============
χ²:		2685.37376323
DoF:	369
χ²/DoF:	7.27743567271
p-value:	0.0	r

parameters
==========
0	#tau	134.054572256	±	0.175329472931
1	#phi	1.66950248328	±	0.000684277526116
2	A	-0.0126324583097	±	1.80293841652e-05
3	a	0.130486919994	±	0.0
4	b	-0.00914023772268	±	2.83065303512e-05
5	c	1.53784717461	±	0.000736151718766

covariance matrix
=================
0.0307404240784	3.13271551454e-05	2.89949298078e-06	5.24615980297e-07	-8.30282974026e-05
3.13271551454e-05	4.68235732748e-07	3.00071089581e-09	1.60968889643e-08	-1.33780390133e-07
2.89949298078e-06	3.00071089581e-09	3.25058693377e-10	4.50956011713e-11	-1.15093874174e-08
5.24615980297e-07	1.60968889643e-08	4.50956011713e-11	8.01259660523e-10	-3.0881782844e-09
-8.30282974026e-05	-1.33780390133e-07	-1.15093874174e-08	-3.0881782844e-09	5.41919353042e-07

correlation matrix
==================
1.0	0.261116162228	0.917246877119	0.105706075402	-0.643285666383
0.261116162228	1.0	0.243226553528	0.831042113355	-0.265578461748
0.917246877119	0.243226553528	1.0	0.0883622261851	-0.867169483071
0.105706075402	0.831042113355	0.0883622261851	1.0	-0.148200065294
-0.643285666383	-0.265578461748	-0.867169483071	-0.148200065294	1.0

