fitting info
============
χ²:		1873.20245236
DoF:	369
χ²/DoF:	5.07642941019
p-value:	0.0	r

parameters
==========
0	#tau	130.928895265	±	0.217133937966
1	#phi	1.68570313045	±	0.000898534568083
2	A	-0.0125657056123	±	2.38970967396e-05
3	a	0.130486919994	±	0.0
4	b	-0.00891658613886	±	3.90082477509e-05
5	c	1.38910100136	±	0.000925615588959

covariance matrix
=================
0.0471471470165	5.17901591211e-05	4.85196828767e-06	2.54396988129e-06	-0.000136280995565
5.17901591211e-05	8.0736437004e-07	6.96945936436e-09	2.9316843324e-08	-4.06404944311e-07
4.85196828767e-06	6.96945936436e-09	5.71071232584e-10	3.48716653387e-10	-1.90887384242e-08
2.54396988129e-06	2.9316843324e-08	3.48716653387e-10	1.52164339259e-09	-1.66549837194e-08
-0.000136280995565	-4.06404944311e-07	-1.90887384242e-08	-1.66549837194e-08	8.56764218525e-07

correlation matrix
==================
1.0	0.265451232866	0.935072108851	0.300350123028	-0.678073744345
0.265451232866	1.0	0.324578058996	0.836423014357	-0.488645082818
0.935072108851	0.324578058996	1.0	0.374085697635	-0.862981379055
0.300350123028	0.836423014357	0.374085697635	1.0	-0.461272018031
-0.678073744345	-0.488645082818	-0.862981379055	-0.461272018031	1.0

