fitting info
============
χ²:		203.551148527
DoF:	369
χ²/DoF:	0.551629128799
p-value:	1.17646838369e-13	l

parameters
==========
0	#tau	119.394925452	±	0.509801182724
1	#phi	1.55826161539	±	0.00228219473552
2	A	-0.0122490374466	±	6.36344502974e-05
3	a	0.130486919994	±	0.0
4	b	-0.00889081289572	±	0.000100888365325
5	c	1.33111104015	±	0.00260079204124

covariance matrix
=================
0.259897245907	0.000125520748503	3.02277466604e-05	6.19633721766e-06	-0.000974925350369
0.000125520748503	5.20841281084e-06	2.19044899228e-08	2.00018459404e-07	-1.06003653081e-06
3.02277466604e-05	2.19044899228e-08	4.04934326465e-09	1.0289193321e-09	-1.51327743701e-07
6.19633721766e-06	2.00018459404e-07	1.0289193321e-09	1.01784622579e-08	-4.55562078677e-08
-0.000974925350369	-1.06003653081e-06	-1.51327743701e-07	-4.55562078677e-08	6.7641192418e-06

correlation matrix
==================
1.0	0.107885227685	0.931778399071	0.120473941983	-0.735300560536
0.107885227685	1.0	0.150830144951	0.868712945484	-0.178592207487
0.931778399071	0.150830144951	1.0	0.160268416139	-0.91436718677
0.120473941983	0.868712945484	0.160268416139	1.0	-0.173620440249
-0.735300560536	-0.178592207487	-0.91436718677	-0.173620440249	1.0

