fitting info
============
χ²:		3997.74817505
DoF:	369
χ²/DoF:	10.8340058944
p-value:	0.0	r

parameters
==========
0	#tau	117.789685331	±	0.148865676328
1	#phi	0.000230858818131	±	0.000205570682613
2	A	-0.048657878649	±	7.28242666791e-05
3	a	0.130486919994	±	0.0
4	b	-0.00806917655701	±	2.85664403456e-05
5	c	1.13109382167	±	0.000643384168863

covariance matrix
=================
0.0221609895887	4.12065220697e-06	1.01470732378e-05	-6.04285760312e-08	6.14345764497e-05
4.12065220697e-06	4.22593055501e-08	1.65347492246e-09	4.91569951867e-09	1.14200861898e-08
1.01470732378e-05	1.65347492246e-09	5.30337381735e-09	-7.06587300654e-11	1.70703502899e-08
-6.04285760312e-08	4.91569951867e-09	-7.06587300654e-11	8.16041514019e-10	8.57333580126e-10
6.14345764497e-05	1.14200861898e-08	1.70703502899e-08	8.57333580126e-10	4.13943188744e-07

correlation matrix
==================
1.0	0.134651193662	0.935987610319	-0.0142099208574	0.641428013405
0.134651193662	1.0	0.110448625216	0.837082038983	0.0863451271176
0.935987610319	0.110448625216	1.0	-0.0339651534586	0.364330846262
-0.0142099208574	0.837082038983	-0.0339651534586	1.0	0.0466469591174
0.641428013405	0.0863451271176	0.364330846262	0.0466469591174	1.0

