fitting info
============
χ²:		1143.19534189
DoF:	127
χ²/DoF:	9.00153812513

parameters
==========
0	#tau	126.411885627	±	0.90316143783
1	#phi	0.696067761138	±	0.0057473525599
2	A	0.0216398193115	±	0.000186522587563
3	a	0.130486919994	±	0.0
4	b	-0.00614764441953	±	0.000137141990784
5	c	-0.534061795351	±	0.0107557249254

covariance matrix
=================
0.815700582783	-0.0040559916112	-0.000162459291423	-7.64398370846e-05	0.00930417888593
-0.0040559916112	3.30320614477e-05	6.50811112911e-07	7.53029341511e-07	-5.62404514207e-05
-0.000162459291423	6.50811112911e-07	3.47906756711e-08	1.03585655811e-08	-1.75514154708e-06
-7.64398370846e-05	7.53029341511e-07	1.03585655811e-08	1.88079256361e-08	-1.12516694958e-06
0.00930417888593	-5.62404514207e-05	-1.75514154708e-06	-1.12516694958e-06	0.000115685618671

correlation matrix
==================
1.0	-0.781382756332	-0.964378982251	-0.617140313785	0.957795911135
-0.781382756332	1.0	0.607093648985	0.955374422964	-0.909790237504
-0.964378982251	0.607093648985	1.0	0.404946583136	-0.874864971822
-0.617140313785	0.955374422964	0.404946583136	1.0	-0.762793231178
0.957795911135	-0.909790237504	-0.874864971822	-0.762793231178	1.0

