fitting info
============
χ²:		4469.9356958
DoF:	369
χ²/DoF:	12.1136468721
p-value:	0.0	r

parameters
==========
0	#tau	117.691172325	±	0.149585578327
1	#phi	-0.00298540606311	±	0.000207170724215
2	A	-0.0483128998352	±	7.26366615169e-05
3	a	0.130486919994	±	0.0
4	b	-0.00767538754043	±	2.88359059403e-05
5	c	1.12390916884	±	0.000644784244311

covariance matrix
=================
0.0223758452435	3.08098986948e-06	1.01609406762e-05	-1.90896694753e-07	6.18841406671e-05
3.08098986948e-06	4.29197089719e-08	1.0054909147e-09	5.00435646757e-09	1.02626553964e-08
1.01609406762e-05	1.0054909147e-09	5.27608459633e-09	-1.47655908857e-10	1.69893433271e-08
-1.90896694753e-07	5.00435646757e-09	-1.47655908857e-10	8.315094714e-10	7.19163586988e-10
6.18841406671e-05	1.02626553964e-08	1.69893433271e-08	7.19163586988e-10	4.15746721711e-07

correlation matrix
==================
1.0	0.0994196342844	0.935165153813	-0.0442562981125	0.641616055672
0.0994196342844	1.0	0.066818064498	0.837695636213	0.0768275431707
0.935165153813	0.066818064498	1.0	-0.0704954935943	0.362749064377
-0.0442562981125	0.837695636213	-0.0704954935943	1.0	0.0386793950435
0.641616055672	0.0768275431707	0.362749064377	0.0386793950435	1.0

