fitting info
============
χ²:		2594.8216383
DoF:	370
χ²/DoF:	7.01303145487
p-value:	0.0	r

parameters
==========
0	#tau	119.812478412	±	0.194429577578
1	#phi	4.91673266175e-05	±	0.000261453716778
2	A	-0.0474991698036	±	9.37226638201e-05
3	a	0.130486919994	±	0.0
4	b	-0.00812170139491	±	3.75779517646e-05
5	c	1.13377161815	±	0.000704036568479

covariance matrix
=================
0.037802860637	7.44156793591e-06	1.7283227531e-05	1.76042140561e-06	7.40402603239e-05
7.44156793591e-06	6.8358046017e-08	5.35317508843e-09	8.05370959739e-09	-6.54706705239e-09
1.7283227531e-05	5.35317508843e-09	8.78393771353e-09	1.11365803967e-09	1.87587461473e-08
1.76042140561e-06	8.05370959739e-09	1.11365803967e-09	1.41210245883e-09	-2.0327565959e-09
7.40402603239e-05	-6.54706705239e-09	1.87587461473e-08	-2.0327565959e-09	4.95667489756e-07

correlation matrix
==================
1.0	0.146388613761	0.94845753475	0.240946822523	0.540891786831
0.146388613761	1.0	0.218460037778	0.819724736811	-0.035567779359
0.94845753475	0.218460037778	1.0	0.316208928288	0.284291558994
0.240946822523	0.819724736811	0.316208928288	1.0	-0.076834639302
0.540891786831	-0.035567779359	0.284291558994	-0.076834639302	1.0

