fitting info
============
χ²:		2508.58584634
DoF:	370
χ²/DoF:	6.77996174686
p-value:	0.0	r

parameters
==========
0	#tau	116.564560907	±	0.14819521582
1	#phi	0.0017596712591	±	0.000207339784847
2	A	-0.0488885579852	±	7.39616813885e-05
3	a	0.130486919994	±	0.0
4	b	-0.00775285284954	±	2.91024072724e-05
5	c	1.14215897361	±	0.000638991167934

covariance matrix
=================
0.0219618219919	4.07879388409e-06	1.02664787507e-05	-8.40650706381e-08	6.04797570509e-05
4.07879388409e-06	4.29897863802e-08	1.6710767588e-09	5.0543186198e-09	1.10670681417e-08
1.02664787507e-05	1.6710767588e-09	5.47033031381e-09	-8.38131942828e-11	1.71556532492e-08
-8.40650706381e-08	5.0543186198e-09	-8.38131942828e-11	8.46950109051e-10	8.12021533552e-10
6.04797570509e-05	1.10670681417e-08	1.71556532492e-08	8.12021533552e-10	4.08309712698e-07

correlation matrix
==================
1.0	0.132744009828	0.93665693616	-0.0194918241457	0.638676591587
0.132744009828	1.0	0.108970007318	0.837627752976	0.0835324241478
0.93665693616	0.108970007318	1.0	-0.0389382745639	0.362999167248
-0.0194918241457	0.837627752976	-0.0389382745639	1.0	0.0436660368203
0.638676591587	0.0835324241478	0.362999167248	0.0436660368203	1.0

