fitting info
============
χ²:		2148.00373921
DoF:	368
χ²/DoF:	5.83696668263
p-value:	0.0	r

parameters
==========
0	#tau	118.251187371	±	0.190820809953
1	#phi	0.00248113828201	±	0.000261124899984
2	A	-0.0493348327033	±	9.74717762272e-05
3	a	0.130486919994	±	0.0
4	b	-0.00758499904134	±	3.74628030737e-05
5	c	1.19366088246	±	0.000703744838852

covariance matrix
=================
0.0364125815113	7.74613763204e-06	1.76669254055e-05	1.67499881635e-06	7.26604884696e-05
7.74613763204e-06	6.81862133916e-08	5.83825725781e-09	8.05913342583e-09	-6.61380773786e-09
1.76669254055e-05	5.83825725781e-09	9.50074716089e-09	1.1336769777e-09	1.98677705828e-08
1.67499881635e-06	8.05913342583e-09	1.1336769777e-09	1.40346161414e-09	-2.12406441919e-09
7.26604884696e-05	-6.61380773786e-09	1.98677705828e-08	-2.12406441919e-09	4.9525679821e-07

correlation matrix
==================
1.0	0.155457324008	0.949852915599	0.23430874623	0.541074859567
0.155457324008	1.0	0.229380270717	0.823834148679	-0.0359905146082
0.949852915599	0.229380270717	1.0	0.310463234328	0.289637662151
0.23430874623	0.823834148679	0.310463234328	1.0	-0.0805660723058
0.541074859567	-0.0359905146082	0.289637662151	-0.0805660723058	1.0

