fitting info
============
χ²:		1659.58771086
DoF:	183
χ²/DoF:	9.06878530523
p-value:	0.0	r

parameters
==========
0	#tau	131.506795419	±	0.221712086368
1	#phi	0.664918206582	±	0.00210647018783
2	A	0.021047189055	±	3.8983788555e-05
3	a	0.130486919994	±	0.0
4	b	-0.00733082973098	±	6.64137457178e-05
5	c	-0.491233332874	±	0.001671950911

covariance matrix
=================
0.0491562492415	-0.000237127488649	-5.02965645012e-06	-6.46816741712e-06	0.000248029925175
-0.000237127488649	4.43721665222e-06	-2.90070400995e-08	1.35220302064e-07	-3.06687622333e-06
-5.02965645012e-06	-2.90070400995e-08	1.5197357701e-09	-1.0601983693e-09	-2.09112352123e-09
-6.46816741712e-06	1.35220302064e-07	-1.0601983693e-09	4.41078562027e-09	-8.62438620896e-08
0.000248029925175	-3.06687622333e-06	-2.09112352123e-09	-8.62438620896e-08	2.79541984879e-06

correlation matrix
==================
1.0	-0.507735133318	-0.581922179172	-0.439272391515	0.669100248518
-0.507735133318	1.0	-0.353235265716	0.966559535447	-0.870797972533
-0.581922179172	-0.353235265716	1.0	-0.40949171001	-0.0320827895117
-0.439272391515	0.966559535447	-0.40949171001	1.0	-0.77668818578
0.669100248518	-0.870797972533	-0.0320827895117	-0.77668818578	1.0

