fitting info
============
χ²:		1696.87221717
DoF:	370
χ²/DoF:	4.5861411275
p-value:	0.0	r

parameters
==========
0	#tau	116.601093704	±	0.189137915262
1	#phi	0.00133781605132	±	0.000265450043072
2	A	-0.0489225551014	±	9.7529393017e-05
3	a	0.130486919994	±	0.0
4	b	-0.00782407851747	±	3.84589895683e-05
5	c	1.14312764188	±	0.000695952859505

covariance matrix
=================
0.0357731509896	7.32710442009e-06	1.75068353654e-05	1.59944066916e-06	7.13500401915e-05
7.32710442009e-06	7.04637253671e-08	5.72489714501e-09	8.44089545168e-09	-7.77894662243e-09
1.75068353654e-05	5.72489714501e-09	9.51198250226e-09	1.11666054696e-09	1.95997292797e-08
1.59944066916e-06	8.44089545168e-09	1.11666054696e-09	1.47909387861e-09	-2.37598784125e-09
7.13500401915e-05	-7.77894662243e-09	1.95997292797e-08	-2.37598784125e-09	4.84350382653e-07

correlation matrix
==================
1.0	0.14593887123	0.949059691687	0.219883006759	0.542045571635
0.14593887123	1.0	0.221130866109	0.826814056113	-0.0421073749656
0.949059691687	0.221130866109	1.0	0.297706132626	0.288758467184
0.219883006759	0.826814056113	0.297706132626	1.0	-0.0887700614347
0.542045571635	-0.0421073749656	0.288758467184	-0.0887700614347	1.0

