fitting info
============
χ²:		1910.65378339
DoF:	368
χ²/DoF:	5.19199397661
p-value:	0.0	r

parameters
==========
0	#tau	134.778154072	±	0.235544423949
1	#phi	1.65961744517	±	0.000929794211214
2	A	-0.0110990392918	±	2.20534781404e-05
3	a	0.130486919994	±	0.0
4	b	-0.00900757386019	±	4.02531885021e-05
5	c	1.16529854515	±	0.000867255779684

covariance matrix
=================
0.0554811756535	5.1066647434e-05	4.82856327697e-06	2.59721796522e-06	-0.00013504176596
5.1066647434e-05	8.64517275207e-07	6.06304967266e-09	3.10642032342e-08	-3.52687985795e-07
4.82856327697e-06	6.06304967266e-09	4.86355898089e-10	3.1191102099e-10	-1.64574872334e-08
2.59721796522e-06	3.10642032342e-08	3.1191102099e-10	1.62031918459e-09	-1.47462180818e-08
-0.00013504176596	-3.52687985795e-07	-1.64574872334e-08	-1.47462180818e-08	7.52132587396e-07

correlation matrix
==================
1.0	0.233172689149	0.929539834942	0.273927279034	-0.661070957918
0.233172689149	1.0	0.295683571149	0.829990447129	-0.437377688469
0.929539834942	0.295683571149	1.0	0.351360826288	-0.860476929002
0.273927279034	0.829990447129	0.351360826288	1.0	-0.422408999695
-0.661070957918	-0.437377688469	-0.860476929002	-0.422408999695	1.0

