fitting info
============
χ²:		163.173171127
DoF:	183
χ²/DoF:	0.891656672827
p-value:	0.148898173463	l

parameters
==========
0	#tau	115.25421503	±	0.443380366074
1	#phi	0.685640855307	±	0.0055575557498
2	A	0.0235205690481	±	0.000104570941925
3	a	0.130486919994	±	0.0
4	b	-0.00671485731253	±	0.000189110294036
5	c	-0.4712957743	±	0.00451093398232

covariance matrix
=================
0.19658614902	-0.00109581581227	-2.74163566529e-05	-3.45224281687e-05	0.00123980097145
-0.00109581581227	3.08864259122e-05	-2.4266538917e-07	1.02644794439e-06	-2.33410349407e-05
-2.74163566529e-05	-2.4266538917e-07	1.0935081895e-08	-8.57414928335e-09	6.23667065187e-08
-3.45224281687e-05	1.02644794439e-06	-8.57414928335e-09	3.57627033105e-08	-7.45929522051e-07
0.00123980097145	-2.33410349407e-05	6.23667065187e-08	-7.45929522051e-07	2.03485253928e-05

correlation matrix
==================
1.0	-0.444710391107	-0.591319585114	-0.411727340613	0.619882025509
-0.444710391107	1.0	-0.417554328789	0.976647699612	-0.931043150759
-0.591319585114	-0.417554328789	1.0	-0.433575617051	0.132213352941
-0.411727340613	0.976647699612	-0.433575617051	1.0	-0.874412091916
0.619882025509	-0.931043150759	0.132213352941	-0.874412091916	1.0

