fitting info
============
χ²:		3159.67990489
DoF:	144
χ²/DoF:	21.9422215618

parameters
==========
0	#tau	125.979125426	±	0.530316309833
1	#phi	0.564276054152	±	0.00587566120606
2	A	0.0227803506434	±	9.24527931693e-05
3	a	0.130486919994	±	0.0
4	b	-0.0101768208977	±	0.000181495710081
5	c	-0.208679086662	±	0.00519112487916

covariance matrix
=================
0.281235388475	-0.00213545196027	-2.55178695816e-05	-6.56014652272e-05	0.00227161433696
-0.00213545196027	3.45233946084e-05	-1.32595021893e-07	1.05563094709e-06	-2.96122987291e-05
-2.55178695816e-05	-1.32595021893e-07	8.54751896481e-09	-3.90157462073e-09	1.13013088055e-08
-6.56014652272e-05	1.05563094709e-06	-3.90157462073e-09	3.29406927779e-08	-8.95040054052e-07
0.00227161433696	-2.96122987291e-05	1.13013088055e-08	-8.95040054052e-07	2.69477775111e-05

correlation matrix
==================
1.0	-0.685327368483	-0.520462439416	-0.681572707163	0.825159949242
-0.685327368483	1.0	-0.244090252501	0.989894709394	-0.970853943945
-0.520462439416	-0.244090252501	1.0	-0.232516360636	0.0235476314008
-0.681572707163	0.989894709394	-0.232516360636	1.0	-0.949980367375
0.825159949242	-0.970853943945	0.0235476314008	-0.949980367375	1.0

