fitting info
============
χ²:		1609.34003714
DoF:	369
χ²/DoF:	4.36135511419
p-value:	0.0	r

parameters
==========
0	#tau	104.918382968	±	0.17959634877
1	#phi	-0.0093706067355	±	0.000280909830782
2	A	-0.0397324328288	±	8.46795734434e-05
3	a	0.130486919994	±	0.0
4	b	-0.00879982429194	±	4.28764199495e-05
5	c	1.09472726221	±	0.000608844636335

covariance matrix
=================
0.0322548484916	4.85412124812e-06	1.43085403311e-05	7.8527819305e-08	7.06763398793e-05
4.85412124812e-06	7.89103330302e-08	1.82280650248e-09	1.04417474833e-08	1.32113241102e-08
1.43085403311e-05	1.82280650248e-09	7.17063015856e-09	-1.55078497051e-11	1.97625269572e-08
7.8527819305e-08	1.04417474833e-08	-1.55078497051e-11	1.83838738768e-09	1.3653821864e-09
7.06763398793e-05	1.32113241102e-08	1.97625269572e-08	1.3653821864e-09	3.70691791194e-07

correlation matrix
==================
1.0	0.0962157520652	0.940847352515	0.0101978241395	0.64635343773
0.0962157520652	1.0	0.0766293195872	0.866937386529	0.0772454530278
0.940847352515	0.0766293195872	1.0	-0.00427124423632	0.383316336894
0.0101978241395	0.866937386529	-0.00427124423632	1.0	0.0523033170061
0.64635343773	0.0772454530278	0.383316336894	0.0523033170061	1.0

