fitting info
============
χ²:		2633.2309083
DoF:	2041
χ²/DoF:	1.29016703003

parameters
==========
0	a	0.437132779733	±	0.00161892797529
1	b	3.56413437949	±	0.0164317595384
2	c_{1}	1.08863991011	±	0.000815819742533
3	c_{2}	-0.89825592145	±	0.01044072364

covariance matrix
=================
2.62092778917e-06	-4.2718094366e-07	-1.04289572952e-06	-2.70217170533e-07
-4.2718094366e-07	0.000270002721527	-1.54621351252e-09	-0.000170814345004
-1.04289572952e-06	-1.54621351252e-09	6.65561852307e-07	-1.55596723202e-09
-2.70217170533e-07	-0.000170814345004	-1.55596723202e-09	0.000109008710128

correlation matrix
==================
1.0	-0.0160583260685	-0.789621837339	-0.0159865523421
-0.0160583260685	1.0	-0.000115342983963	-0.995656810444
-0.789621837339	-0.000115342983963	1.0	-0.000182673535989
-0.0159865523421	-0.995656810444	-0.000182673535989	1.0

