fitting info
============
χ²:		85.6756214213
DoF:	46
χ²/DoF:	1.86251350916

parameters
==========
0	a	892.225894059	±	37.3259645818
1	b	-2.89782087597	±	0.121835848822
2	A	9745.78457103	±	242.118158218
3	c	285.961715259	±	0.157071289115
4	s	9.08952679826	±	0.182012100516

covariance matrix
=================
1393.22763196	-4.52719433982	-4520.04316577	3.73096702837	-2.54274825626
-4.52719433982	0.0148439740582	12.651976448	-0.0122154802674	0.00668729731696
-4520.04316577	12.651976448	58621.2025387	-13.3415532291	34.3338847582
3.73096702837	-0.0122154802674	-13.3415532291	0.0246713898641	-0.00992050894564
-2.54274825626	0.00668729731696	34.3338847582	-0.00992050894564	0.0331284047343

correlation matrix
==================
1.0	-0.995503989869	-0.500154500525	0.636375664234	-0.374276072783
-0.995503989869	1.0	0.428899875185	-0.638320283658	0.301561071187
-0.500154500525	0.428899875185	1.0	-0.350818286967	0.779103798639
0.636375664234	-0.638320283658	-0.350818286967	1.0	-0.34700591942
-0.374276072783	0.301561071187	0.779103798639	-0.34700591942	1.0

