fitting info
============
χ²:		71.9817499386
DoF:	66
χ²/DoF:	1.09063257483

parameters
==========
0	a	10.2569039725	±	4.27984044802
1	b	-0.0278745137827	±	0.0152740645764
2	A	851.041656341	±	49.8490266017
3	c	299.748026754	±	0.53673575512
4	s	11.0657818695	±	0.550996207728

covariance matrix
=================
18.3170342605	-0.0648920133006	69.5076775886	1.30342812803	0.750154532167
-0.0648920133006	0.000233297048685	-0.310889315606	-0.00467940490606	-0.00336855168624
69.5076775886	-0.310889315606	2484.92545314	5.59955673415	18.1244833498
1.30342812803	-0.00467940490606	5.59955673415	0.288085270824	0.0591454721458
0.750154532167	-0.00336855168624	18.1244833498	0.0591454721458	0.303596820931

correlation matrix
==================
1.0	-0.992679486244	0.325798077171	0.567412609532	0.318107968957
-0.992679486244	1.0	-0.408314207911	-0.570788844271	-0.400257965236
0.325798077171	-0.408314207911	1.0	0.209284198773	0.659872976853
0.567412609532	-0.570788844271	0.209284198773	1.0	0.199991881436
0.318107968957	-0.400257965236	0.659872976853	0.199991881436	1.0

