fitting info
============
χ²:		71.9817500195
DoF:	66
χ²/DoF:	1.09063257605

parameters
==========
0	a	10.2578548136	±	4.29656177723
1	b	-0.0278780291137	±	0.0153234315217
2	A	30.6814874189	±	1.39470422229
3	c	299.748183314	±	0.536097440114
4	s	11.0658888357	±	0.54999486824

covariance matrix
=================
18.4604431056	-0.0653546112617	0.439442793808	1.30347331829	0.762825128661
-0.0653546112617	0.0002348075536	-0.00192093215739	-0.00467611664006	-0.00341559578926
0.439442793808	-0.00192093215739	1.94519986767	0.037874044205	-0.188103028449
1.30347331829	-0.00467611664006	0.037874044205	0.287400465297	0.0604172313002
0.762825128661	-0.00341559578926	-0.188103028449	0.0604172313002	0.30249435509

correlation matrix
==================
1.0	-0.992656848703	0.0733329525184	0.565896947961	0.32280874624
-0.992656848703	1.0	-0.0898822383881	-0.569227102963	-0.405276853159
0.0733329525184	-0.0898822383881	1.0	0.0506542433673	-0.245219518166
0.565896947961	-0.569227102963	0.0506542433673	1.0	0.204907780177
0.32280874624	-0.405276853159	-0.245219518166	0.204907780177	1.0

