fitting info
============
χ²:		34.6539491585
DoF:	36
χ²/DoF:	0.962609698848

parameters
==========
0	a	1988.28171362	±	190.786983732
1	b	-3.20947659689	±	0.303996058009
2	A	4205.80568708	±	599.327231985
3	c	599.448120897	±	0.52711867945
4	s	10.0138812888	±	0.824606248227

covariance matrix
=================
36399.6731614	-57.9304762897	-76483.3354005	88.0274094696	-90.3952653993
-57.9304762897	0.0924136032853	115.301838557	-0.140666279533	0.134533890847
-76483.3354005	115.301838557	359193.130999	-175.476762963	474.532099825
88.0274094696	-0.140666279533	-175.476762963	0.277854102225	-0.216283485477
-90.3952653993	0.134533890847	474.532099825	-0.216283485477	0.679975464615

correlation matrix
==================
1.0	-0.99882730252	-0.668889017891	0.875307748029	-0.57457975649
-0.99882730252	1.0	0.632855077627	-0.877836515751	0.536682123285
-0.668889017891	0.632855077627	1.0	-0.555452846042	0.960185101466
0.875307748029	-0.877836515751	-0.555452846042	1.0	-0.497586205519
-0.57457975649	0.536682123285	0.960185101466	-0.497586205519	1.0

