fitting info
============
χ²:		54.2636638885
DoF:	59
χ²/DoF:	0.919723116754

parameters
==========
0	a	10.4507275239	±	10.7814494293
1	b	-0.0154342063418	±	0.0183838238626
2	A	8.52494273728	±	0.903131155334
3	c	622.68582943	±	1.31167860489
4	s	11.4353689491	±	1.70089780327

covariance matrix
=================
116.239651796	-0.198084790725	4.65788071983	10.0329208878	13.0891198658
-0.198084790725	0.000337964979811	-0.00807424076679	-0.0170852117956	-0.0228399747009
4.65788071983	-0.00807424076679	0.815645883735	0.387180395569	0.301509664445
10.0329208878	-0.0170852117956	0.387180395569	1.72050076252	1.10152876677
13.0891198658	-0.0228399747009	0.301509664445	1.10152876677	2.89305333716

correlation matrix
==================
1.0	-0.999397204873	0.478366092281	0.709451649596	0.713764714436
-0.999397204873	1.0	-0.486312038816	-0.708528104738	-0.730434954532
0.478366092281	-0.486312038816	1.0	0.326839923424	0.196278257014
0.709451649596	-0.708528104738	0.326839923424	1.0	0.493730763744
0.713764714436	-0.730434954532	0.196278257014	0.493730763744	1.0

