fitting info
============
χ²:		34.6539488151
DoF:	36
χ²/DoF:	0.962609689309

parameters
==========
0	a	1988.26528886	±	190.966143408
1	b	-3.20945271115	±	0.304252959401
2	A	167.554252608	±	11.3249607337
3	c	599.448041927	±	0.527466115543
4	s	-10.0141189782	±	0.826358408326

covariance matrix
=================
36468.0679281	-58.0338133971	-1539.79475186	88.185524043	90.8189876993
-58.0338133971	0.092569863304	2.35039261529	-0.140905472788	-0.135168207166
-1539.79475186	2.35039261529	128.25473562	-3.3840235948	-7.56279312409
88.185524043	-0.140905472788	-3.3840235948	0.278220503046	0.217248985661
90.8189876993	-0.135168207166	-7.56279312409	0.217248985661	0.68286821901

correlation matrix
==================
1.0	-0.998826187338	-0.711983210704	0.875480257036	0.575508614548
-0.998826187338	1.0	0.682132745001	-0.878008023278	-0.537614893947
-0.711983210704	0.682132745001	1.0	-0.566502866601	-0.808122251828
0.875480257036	-0.878008023278	-0.566502866601	1.0	0.498419174059
0.575508614548	-0.537614893947	-0.808122251828	0.498419174059	1.0

