fitting info
============
χ²:		54.2636645596
DoF:	59
χ²/DoF:	0.919723128129

parameters
==========
0	a	10.4429345255	±	10.7730413561
1	b	-0.0154209214434	±	0.0183688930226
2	A	244.324333539	±	48.5410163691
3	c	622.68531171	±	1.31114767547
4	s	11.4342086796	±	1.69855728259

covariance matrix
=================
116.058420061	-0.197769447152	412.331782447	10.0164937629	13.0525401278
-0.197769447152	0.000337416230875	-0.717968937046	-0.0170566548157	-0.0227761796449
412.331782447	-0.717968937046	2356.23027014	34.5576049091	70.2814372922
10.0164937629	-0.0170566548157	34.5576049091	1.71910822688	1.09826148184
13.0525401278	-0.0227761796449	70.2814372922	1.09826148184	2.88509684223

correlation matrix
==================
1.0	-0.999396645895	0.788496225781	0.709129885392	0.713307043242
-0.999396645895	1.0	-0.805218611562	-0.708205452804	-0.729991321414
0.788496225781	-0.805218611562	1.0	0.5429791587	0.852415957495
0.709129885392	-0.708205452804	0.5429791587	1.0	0.493144217756
0.713307043242	-0.729991321414	0.852415957495	0.493144217756	1.0

