fitting info
============
χ²:		85.6756213724
DoF:	46
χ²/DoF:	1.8625135081

parameters
==========
0	a	892.22869423	±	36.9814095589
1	b	-2.89782831898	±	0.121153612534
2	A	427.744398281	±	6.38855951516
3	c	285.961725778	±	0.157164195077
4	s	9.08951278923	±	0.18122092958

covariance matrix
=================
1367.62465296	-4.46109784379	-65.614760033	3.6828392351	-2.43704098852
-4.46109784379	0.01467819783	0.202989234274	-0.0121015349825	0.00639420725927
-65.614760033	0.202989234274	40.8136926787	-0.0804308216208	-0.0940050515403
3.6828392351	-0.0121015349825	-0.0804308216208	0.0247005842143	-0.00970520540832
-2.43704098852	0.00639420725927	-0.0940050515403	-0.00970520540832	0.0328410253179

correlation matrix
==================
1.0	-0.995684897437	-0.277725104882	0.633644527205	-0.363639472757
-0.995684897437	1.0	0.262260987382	-0.635551107108	0.291233940916
-0.277725104882	0.262260987382	1.0	-0.0801061662364	-0.0811969830776
0.633644527205	-0.635551107108	-0.0801061662364	1.0	-0.340755414313
-0.363639472757	0.291233940916	-0.0811969830776	-0.340755414313	1.0

