fitting info
============
ğœ’Â²:		29.1292960683
DoF:	6
ğœ’Â²/DoF:	4.85488267806

parameters
==========
0	offset	20.4231568967	Â±	2.21374352109
1	ampl	338.576794554	Â±	16.0913315095
2	theta	179.541407259	Â±	0.38741830517
3	sigma	4.72637712646	Â±	0.266936949247

covariance matrix
=================
4.90066037717	-2.31494792333	0.0332381925553	-0.23069432435
-2.31494792333	258.93094975	-1.05538136775	-1.10501114403
0.0332381925553	-1.05538136775	0.150092943181	-0.0149378699533
-0.23069432435	-1.10501114403	-0.0149378699533	0.0712553348732

correlation matrix
==================
1.0	-0.064986319341	0.0387551979426	-0.390392004161
-0.064986319341	1.0	-0.169292338301	-0.257256278638
0.0387551979426	-0.169292338301	1.0	-0.144444112427
-0.390392004161	-0.257256278638	-0.144444112427	1.0

