fitting info
============
ğœ’Â²:		16.6944960107
DoF:	5
ğœ’Â²/DoF:	3.33889920213

parameters
==========
0	offset	22.0356108441	Â±	2.10421745835
1	breite	13.5547289234	Â±	0.86144808719
2	theta	179.734539811	Â±	0.326047983012
3	sigma	2.13298466227	Â±	0.307297433002
4	amplitude	309.250114085	Â±	18.3961663703

covariance matrix
=================
4.42773111201	-0.177671107541	-0.00504426977398	-0.0992602019848	-4.80693967392
-0.177671107541	0.742092806923	-0.0502110401018	-0.122173656563	-9.28005345406
-0.00504426977398	-0.0502110401018	0.106307287226	-0.00368160053688	0.261000442987
-0.0992602019848	-0.122173656563	-0.00368160053688	0.0944317123298	2.55779149384
-4.80693967392	-9.28005345406	0.261000442987	2.55779149384	338.418937123

correlation matrix
==================
1.0	-0.0980160234523	-0.00735234991049	-0.153506087477	-0.124179733574
-0.0980160234523	1.0	-0.17876750907	-0.461518940294	-0.585590521114
-0.00735234991049	-0.17876750907	1.0	-0.036744827619	0.043514339716
-0.153506087477	-0.461518940294	-0.036744827619	1.0	0.452458631665
-0.124179733574	-0.585590521114	0.043514339716	0.452458631665	1.0

