fitting info
============
ğœ’Â²:		18.4829758199
DoF:	6
ğœ’Â²/DoF:	3.08049596998

parameters
==========
0	offset	19.8089882716	Â±	2.41057638847
1	ampl	330.646726839	Â±	23.0935073445
2	theta	179.040626389	Â±	0.620220160491
3	sigma	5.0996817025	Â±	0.385100763417

covariance matrix
=================
5.81087852465	-1.76962942764	0.0186571157774	-0.417432326585
-1.76962942764	533.31008147	-7.15549928508	-2.41249785154
0.0186571157774	-7.15549928508	0.38467304748	0.0249425707585
-0.417432326585	-2.41249785154	0.0249425707585	0.148302597984

correlation matrix
==================
1.0	-0.0317886098816	0.0124789409368	-0.449666775995
-0.0317886098816	1.0	-0.499578991419	-0.27127055689
0.0124789409368	-0.499578991419	1.0	0.104428960338
-0.449666775995	-0.27127055689	0.104428960338	1.0

