fitting info
============
𝜒²:		90425.6092926
DoF:	893
𝜒²/DoF:	101.260480731

parameters
==========
0	a	143.569366649	±	5.69690925536
1	b	-0.0367237445331	±	0.00193569414714
2	A1	173.874906206	±	1.26353961382
3	c1	2897.15682223	±	0.498752828526
4	s1	62.1148936862	±	0.571795925091
5	A2	148.161513749	±	1.33180923358
6	c2	3282.15513255	±	0.611352138074
7	s2	66.7062011934	±	0.815423573032

covariance matrix
=================
32.4547750638	-0.0109542205328	-0.500832195362	0.68364461215	-0.380246387855	2.48401108434	0.999755639882	2.14508279926
-0.0109542205328	3.74691183126e-06	6.30653398195e-05	-0.000231351396517	5.92288630454e-05	-0.000960122095174	-0.000346544190918	-0.000820824509042
-0.500832195362	6.30653398195e-05	1.5965323557	0.000125730379149	-0.163537252357	0.204765877497	-0.00147137957123	0.177333101257
0.68364461215	-0.000231351396517	0.000125730379149	0.248754383962	-0.013759009852	0.053147497081	0.021852203733	0.0449000318354
-0.380246387855	5.92288630454e-05	-0.163537252357	-0.013759009852	0.326950579951	0.151694882969	0.00352218243122	0.106054526487
2.48401108434	-0.000960122095174	0.204765877497	0.053147497081	0.151694882969	1.77371583465	0.0684109420682	0.0276032706478
0.999755639882	-0.000346544190918	-0.00147137957123	0.021852203733	0.00352218243122	0.0684109420682	0.373751436727	0.104575663723
2.14508279926	-0.000820824509042	0.177333101257	0.0449000318354	0.106054526487	0.0276032706478	0.104575663723	0.664915603456

correlation matrix
==================
1.0	-0.993357194022	-0.0695767398483	0.240605594945	-0.1167306058	0.327395123314	0.287053684487	0.461765515038
-0.993357194022	1.0	0.0257848815722	-0.23963487165	0.0535125446348	-0.372432614393	-0.292840035555	-0.520032296672
-0.0695767398483	0.0257848815722	1.0	0.00019951060762	-0.226353272917	0.121682101908	-0.00190477825421	0.172114589223
0.240605594945	-0.23963487165	0.00019951060762	1.0	-0.0482459379477	0.0800120547588	0.0716668694123	0.11040227302
-0.1167306058	0.0535125446348	-0.226353272917	-0.0482459379477	1.0	0.199199320955	0.0100757957468	0.227459924651
0.327395123314	-0.372432614393	0.121682101908	0.0800120547588	0.199199320955	1.0	0.0840218257007	0.025417642076
0.287053684487	-0.292840035555	-0.00190477825421	0.0716668694123	0.0100757957468	0.0840218257007	1.0	0.20977606372
0.461765515038	-0.520032296672	0.172114589223	0.11040227302	0.227459924651	0.025417642076	0.20977606372	1.0

