fitting info
============
𝜒²:		0.0264218577234
DoF:	843
𝜒²/DoF:	3.13426544761e-05

parameters
==========
0	a	0.0642750547465	±	0.00365173210728
1	b	-1.71619811671e-05	±	1.20222717694e-06
2	A1	0.0965316527615	±	0.000714820059772
3	c1	2897.71716684	±	0.493373737437
4	s1	62.6036455757	±	0.605919749226
5	A2	0.084136611016	±	0.000742052028093
6	c2	3281.97341348	±	0.607936074567
7	s2	67.9206916555	±	0.780327916038

covariance matrix
=================
1.33351473834e-05	-4.36351338568e-09	-4.9682659354e-07	0.000498230762353	-0.000637785773165	7.09790095307e-07	0.000675419482142	0.00108242326738
-4.36351338568e-09	1.44535018496e-12	1.23797386863e-10	-1.62603280889e-07	1.66114846679e-07	-2.75522791956e-10	-2.24829121236e-07	-4.1275091738e-07
-4.9682659354e-07	1.23797386863e-10	5.10967717853e-07	-1.4248288616e-05	-5.92706608911e-05	6.86738062814e-08	-1.75923139775e-05	9.31269284114e-05
0.000498230762353	-1.62603280889e-07	-1.4248288616e-05	0.243417644792	-0.0329958289493	3.88622286865e-05	0.0173409332162	0.0284205768019
-0.000637785773165	1.66114846679e-07	-5.92706608911e-05	-0.0329958289493	0.367138742502	6.89520546435e-05	-0.0215094637076	0.0864401293474
7.09790095307e-07	-2.75522791956e-10	6.86738062814e-08	3.88622286865e-05	6.89520546435e-05	5.50641212397e-07	3.50671030009e-05	-2.48541110761e-06
0.000675419482142	-2.24829121236e-07	-1.75923139775e-05	0.0173409332162	-0.0215094637076	3.50671030009e-05	0.369586270759	0.0850055054428
0.00108242326738	-4.1275091738e-07	9.31269284114e-05	0.0284205768019	0.0864401293474	-2.48541110761e-06	0.0850055054428	0.608911656548

correlation matrix
==================
1.0	-0.993918699342	-0.190330852452	0.276538498674	-0.288244354045	0.261936890945	0.304240312558	0.379857814457
-0.993918699342	1.0	0.144054956272	-0.27413641878	0.228037777937	-0.30884219689	-0.30761542362	-0.439971314513
-0.190330852452	0.144054956272	1.0	-0.0404007980721	-0.136844683766	0.129467282166	-0.0404825928889	0.166955758697
0.276538498674	-0.27413641878	-0.0404007980721	1.0	-0.110374286076	0.106149344995	0.0578147327865	0.073820964612
-0.288244354045	0.228037777937	-0.136844683766	-0.110374286076	1.0	0.153354931895	-0.0583924314217	0.182819769092
0.261936890945	-0.30884219689	0.129467282166	0.106149344995	0.153354931895	1.0	0.0777333917382	-0.00429226705127
0.304240312558	-0.30761542362	-0.0404825928889	0.0578147327865	-0.0583924314217	0.0777333917382	1.0	0.179189267907
0.379857814457	-0.439971314513	0.166955758697	0.073820964612	0.182819769092	-0.00429226705127	0.179189267907	1.0

