fitting info
============
𝜒²:		0.0995188437207
DoF:	96
𝜒²/DoF:	0.00103665462209

parameters
==========
0	a	1.16323796724	±	0.0606757105286
1	b	-0.00172619733699	±	0.000160137434057
2	A	2.40070247128	±	0.0100954074299
3	c	340.487556463	±	0.0684125114728
4	s	14.9430987642	±	0.0901143461047

covariance matrix
=================
0.00368154184815	-9.66040481103e-06	-0.000301664049304	0.00244350676462	-0.00311016834146
-9.66040481103e-06	2.56439977863e-08	7.17959572851e-07	-6.49338915428e-06	7.31319255402e-06
-0.000301664049304	7.17959572851e-07	0.000101917251176	-0.000177134518261	0.000221138340076
0.00244350676462	-6.49338915428e-06	-0.000177134518261	0.00468027172602	-0.00186466286368
-0.00311016834146	7.31319255402e-06	0.000221138340076	-0.00186466286368	0.00812059537387

correlation matrix
==================
1.0	-0.994231662013	-0.492475732438	0.58865812252	-0.568820303766
-0.994231662013	1.0	0.444102557583	-0.592711060936	0.506780863722
-0.492475732438	0.444102557583	1.0	-0.256474277874	0.243078338281
0.58865812252	-0.592711060936	-0.256474277874	1.0	-0.302462022525
-0.568820303766	0.506780863722	0.243078338281	-0.302462022525	1.0

