fitting info
============
𝜒²:		0.118650701056
DoF:	196
𝜒²/DoF:	0.000605360719674

parameters
==========
0	a	0.747091721968	±	0.0342316782573
1	b	-0.000175705020137	±	3.75844672375e-05
2	A	1.42660254528	±	0.00512437686133
3	c	899.345033733	±	0.132872678957
4	s	33.3174683145	±	0.174113967763

covariance matrix
=================
0.00117180779631	-1.27571632487e-06	-1.83565533142e-05	0.00273025371085	-0.000755730215466
-1.27571632487e-06	1.41259217753e-09	4.10644752909e-09	-3.0228618436e-06	1.56626504658e-07
-1.83565533142e-05	4.10644752909e-09	2.62592382169e-05	-8.66861027751e-06	0.000218493434535
0.00273025371085	-3.0228618436e-06	-8.66861027751e-06	0.0176551488133	-0.000360998870314
-0.000755730215466	1.56626504658e-07	0.000218493434535	-0.000360998870314	0.03031567377

correlation matrix
==================
1.0	-0.991556630578	-0.104645820351	0.600259612055	-0.126795833356
-0.991556630578	1.0	0.02132145401	-0.605304927019	0.0239344385981
-0.104645820351	0.02132145401	1.0	-0.0127312992286	0.2448858647
0.600259612055	-0.605304927019	-0.0127312992286	1.0	-0.0156040214673
-0.126795833356	0.0239344385981	0.2448858647	-0.0156040214673	1.0

