fitting info
============
𝜒²:		181.13204616
DoF:	196
𝜒²/DoF:	0.924143092655

parameters
==========
0	a	0.744789618535	±	0.0285878913969
1	b	-0.000170878044034	±	3.11588817405e-05
2	A	1.42684538011	±	0.00548847902517
3	c	899.325475394	±	0.144058532864
4	s	33.1649166054	±	0.17577205444

covariance matrix
=================
0.000817267534523	-8.8303035792e-07	-1.36305700755e-05	0.00240414783478	-0.000824349622655
-8.8303035792e-07	9.70875911321e-10	6.26224409712e-09	-2.63812920025e-06	3.31394531787e-07
-1.36305700755e-05	6.26224409712e-09	3.01234020097e-05	-1.37628475774e-05	-2.87830623679e-05
0.00240414783478	-2.63812920025e-06	-1.37628475774e-05	0.0207528608909	-0.00131673347622
-0.000824349622655	3.31394531787e-07	-2.87830623679e-05	-0.00131673347622	0.0308958151221

correlation matrix
==================
1.0	-0.991314932303	-0.0868720134625	0.58376769574	-0.164051230052
-0.991314932303	1.0	0.0366181264711	-0.587726415432	0.0605081181549
-0.0868720134625	0.0366181264711	1.0	-0.0174067344441	-0.0298356264518
0.58376769574	-0.587726415432	-0.0174067344441	1.0	-0.0520006845418
-0.164051230052	0.0605081181549	-0.0298356264518	-0.0520006845418	1.0

