fitting info
============
𝜒²:		107.601398715
DoF:	96
𝜒²/DoF:	1.12084790328

parameters
==========
0	a	1.11648988615	±	0.0464415509691
1	b	-0.0016050795068	±	0.000120744115239
2	A	2.40367691388	±	0.0100444355281
3	c	340.408438266	±	0.0683797569801
4	s	14.9897776358	±	0.0816794955028

covariance matrix
=================
0.00215681765641	-5.58419769958e-06	-0.00016009789235	0.00183750834456	-0.00235030199835
-5.58419769958e-06	1.45791413649e-08	3.93935832755e-07	-4.80978151403e-06	5.65001942263e-06
-0.00016009789235	3.93935832755e-07	0.000100890685079	-0.000118808244907	-3.25934799897e-05
0.00183750834456	-4.80978151403e-06	-0.000118808244907	0.00467579116466	-0.00194694415832
-0.00235030199835	5.65001942263e-06	-3.25934799897e-05	-0.00194694415832	0.00667153998559

correlation matrix
==================
1.0	-0.995836629621	-0.343204808536	0.578622146333	-0.619589298604
-0.995836629621	1.0	0.324813429803	-0.582548143181	0.572889576604
-0.343204808536	0.324813429803	1.0	-0.172979043696	-0.0397275835959
0.578622146333	-0.582548143181	-0.172979043696	1.0	-0.348588371736
-0.619589298604	0.572889576604	-0.0397275835959	-0.348588371736	1.0

