fitting info
============
𝜒²:		0.0015828605411
DoF:	296
𝜒²/DoF:	5.34750182803e-06

parameters
==========
0	a	0.0156334071693	±	0.0073954782737
1	b	-4.22501949523e-06	±	2.29641969441e-06
2	A	0.00551661814034	±	0.000457426168384
3	c	3138.35630241	±	4.83955556991
4	s	56.5713206829	±	6.44782643826

covariance matrix
=================
5.46930988967e-05	-1.69567727394e-08	-1.2583278971e-06	0.0256874253416	-0.0162734146285
-1.69567727394e-08	5.27354341285e-12	3.49900866471e-10	-7.99544524521e-06	4.40286987915e-06
-1.2583278971e-06	3.49900866471e-10	2.09238699522e-07	-0.000511616909246	0.00138786306073
0.0256874253416	-7.99544524521e-06	-0.000511616909246	23.4212981142	-6.53171710179
-0.0162734146285	4.40286987915e-06	0.00138786306073	-6.53171710179	41.574465778

correlation matrix
==================
1.0	-0.998448505644	-0.371968834055	0.717709724129	-0.341270764781
-0.998448505644	1.0	0.333098555314	-0.719425636505	0.297352263797
-0.371968834055	0.333098555314	1.0	-0.231109821804	0.470557036493
0.717709724129	-0.719425636505	-0.231109821804	1.0	-0.209318949687
-0.341270764781	0.297352263797	0.470557036493	-0.209318949687	1.0

