fitting info
============
𝜒²:		22072.9603978
DoF:	196
𝜒²/DoF:	112.617144887

parameters
==========
0	a	140.925404144	±	27.3969353808
1	b	-0.0675548654168	±	0.0213880628679
2	A	76.7277657024	±	3.42647078929
3	c	1303.96830882	±	1.58983540681
4	s	43.1087439249	±	2.55589710464

covariance matrix
=================
750.592068262	-0.580779295344	7.4592064559	34.3828141268	1.74187442499
-0.580779295344	0.000457449233243	-0.014484877741	-0.0268809169785	-0.00802190463233
7.4592064559	-0.014484877741	11.7407020699	0.646131637212	6.34452955242
34.3828141268	-0.0268809169785	0.646131637212	2.52757662074	0.304776747238
1.74187442499	-0.00802190463233	6.34452955242	0.304776747238	6.5326100095

correlation matrix
==================
1.0	-0.991146126593	0.0794590939354	0.789382091158	0.0248754812378
-0.991146126593	1.0	-0.197649785843	-0.790533835359	-0.146744785111
0.0794590939354	-0.197649785843	1.0	0.118610137059	0.724451014337
0.789382091158	-0.790533835359	0.118610137059	1.0	0.0750043235992
0.0248754812378	-0.146744785111	0.724451014337	0.0750043235992	1.0

