fitting info
============
𝜒²:		0.00673293083085
DoF:	186
𝜒²/DoF:	3.6198552854e-05

parameters
==========
0	a	0.0271802074765	±	0.018070803399
1	b	-1.36960897891e-05	±	1.44312421422e-05
2	A	0.0408107829607	±	0.00222768866117
3	c	1303.27514891	±	1.82856180888
4	s	43.0483634956	±	2.90976775652

covariance matrix
=================
0.000326553935484	-2.58777534807e-07	1.05132300041e-05	0.0270562777732	0.00776655469092
-2.58777534807e-07	2.08260749768e-10	-1.18537250812e-08	-2.14310894815e-05	-1.09086540037e-05
1.05132300041e-05	-1.18537250812e-08	4.96259677109e-06	0.000873665691649	0.00493804861248
0.0270562777732	-2.14310894815e-05	0.000873665691649	3.34363828889	0.605477959735
0.00776655469092	-1.09086540037e-05	0.00493804861248	0.605477959735	8.46674839689

correlation matrix
==================
1.0	-0.992305495451	0.261158527047	0.818805861665	0.147704122443
-0.992305495451	1.0	-0.36871995532	-0.812139980877	-0.25978204205
0.261158527047	-0.36871995532	1.0	0.214477205448	0.76180275619
0.818805861665	-0.812139980877	0.214477205448	1.0	0.113796883084
0.147704122443	-0.25978204205	0.76180275619	0.113796883084	1.0

