fitting info
============
𝜒²:		230.000495898
DoF:	186
𝜒²/DoF:	1.23656180591

parameters
==========
0	a	0.0216911426363	±	0.0146070222525
1	b	-1.01357177721e-05	±	1.18026297976e-05
2	A	0.040904453029	±	0.00192936836137
3	c	1302.37751565	±	1.66015104018
4	s	43.4036068848	±	2.66874363459

covariance matrix
=================
0.000213365099084	-1.70912397158e-07	8.80386844807e-06	0.0201657466067	0.00830160489307
-1.70912397158e-07	1.39302070138e-10	-9.56448328481e-09	-1.62077329357e-05	-1.04241066141e-05
8.80386844807e-06	-9.56448328481e-09	3.72246227386e-06	0.000894495374308	0.00381865919657
0.0201657466067	-1.62077329357e-05	0.000894495374308	2.75610147621	0.857247589343
0.00830160489307	-1.04241066141e-05	0.00381865919657	0.857247589343	7.12219258719

correlation matrix
==================
1.0	-0.991363875219	0.312389696452	0.831581871275	0.212957780745
-0.991363875219	1.0	-0.420017682958	-0.827172114033	-0.330943002556
0.312389696452	-0.420017682958	1.0	0.279264251046	0.741632736277
0.831581871275	-0.827172114033	0.279264251046	1.0	0.19348701033
0.212957780745	-0.330943002556	0.741632736277	0.19348701033	1.0

