fitting info
============
𝜒²:		0.00887783481645
DoF:	186
𝜒²/DoF:	4.77302947121e-05

parameters
==========
0	a	2.59406417793	±	0.00621521978854
1	b	-0.00303584620445	±	4.64847061902e-06
2	A	1.73145627817	±	0.00681134508037
3	c	1492.05678716	±	1.83753139077
4	s	293.716042155	±	1.41477373993

covariance matrix
=================
3.86289570199e-05	-1.07236067514e-08	-1.85834771998e-05	0.0020936563554	-0.00173094537757
-1.07236067514e-08	2.16082790959e-11	-1.68179754855e-08	1.34625401015e-06	7.39711245477e-08
-1.85834771998e-05	-1.68179754855e-08	4.63944218039e-05	0.00224133219636	0.00497775437311
0.0020936563554	1.34625401015e-06	0.00224133219636	3.37652161208	2.16212038545
-0.00173094537757	7.39711245477e-08	0.00497775437311	2.16212038545	2.00158473518

correlation matrix
==================
1.0	-0.371171223058	-0.438972793629	0.18332181217	-0.196852022867
-0.371171223058	1.0	-0.531166579064	0.157609413423	0.011247736683
-0.438972793629	-0.531166579064	1.0	0.179076492521	0.516551454918
0.18332181217	0.157609413423	0.179076492521	1.0	0.831683555502
-0.196852022867	0.011247736683	0.516551454918	0.831683555502	1.0

