fitting info
============
𝜒²:		1241381550.17
DoF:	940
𝜒²/DoF:	1320618.6704

parameters
==========
0	a	0.0546989578654	±	9.15731750301e-06
1	b	0.0004836189985	±	2.99780345372e-08
2	c	-3.97076498738e-07	±	2.02824955042e-11
3	A1	0.916660649258	±	4.69095210396e-06
4	c1	235.740404172	±	9.88236734269e-05
5	s1	20.1058528151	±	0.000139920922083
6	A2	0.218020751642	±	4.03409463436e-06
7	c2	411.595064092	±	0.000396195342669
8	s2	18.8612974287	±	0.000394805600526
9	A3	0.375914068329	±	4.02165959452e-06
10	c3	623.919082557	±	0.000399339275365
11	s3	22.7487671752	±	0.000378177992589
12	A4	0.686599595034	±	3.82467126067e-06
13	c4	704.321102916	±	0.000250468545871
14	s4	31.1812717581	±	0.000290493172879
15	A5	0.355208187617	±	3.39574945603e-06
16	c5	889.707657684	±	0.000388697270741
17	s5	42.1740863279	±	0.000515215835907
18	A6	0.19051463099	±	3.82051154398e-06
19	c6	1049.49871344	±	0.000623395370853
20	s6	29.6709619244	±	0.000693702029758

covariance matrix
=================
8.3856463851e-11	-2.69616168552e-13	1.76108165027e-16	-2.29221411266e-11	1.20046306622e-10	-8.33195384952e-10	-1.87472088002e-12	5.95898185184e-10	-3.72584861192e-10	9.45035194556e-12	-6.31873995e-10	5.28350820132e-10	1.56873456736e-11	2.16503905499e-10	8.10257577466e-10	1.28541320216e-11	-9.71148862457e-10	2.30878721948e-09	5.89261667134e-12	-7.5261557866e-10	2.14687375377e-11
-2.69616168552e-13	8.98682554713e-16	-5.99926428494e-19	6.97606786213e-14	-4.23807653222e-13	2.51034295195e-12	1.38196718202e-16	-1.80767307336e-12	4.01810738256e-13	-3.44620348232e-14	2.2729604574e-12	-2.09953572097e-12	-5.47911987248e-14	-7.75249663658e-13	-2.77647203279e-12	-4.25841518398e-14	3.47927753459e-12	-7.74182025778e-12	-1.64831624098e-14	2.992150619e-12	7.36391733627e-13
1.76108165027e-16	-5.99926428494e-19	4.11379623877e-22	-4.41900371018e-17	2.88760420815e-16	-1.58039356145e-15	1.38774157891e-18	1.10449017638e-15	-2.41652194607e-17	2.27106145195e-17	-1.49414641537e-15	1.45862255909e-15	3.51968990156e-17	4.9501304422e-16	1.75684355529e-15	2.44067911471e-17	-2.37754785361e-15	4.63504669976e-15	4.57116320778e-18	-2.69134922655e-15	-1.81698995507e-15
-2.29221411266e-11	6.97606786213e-14	-4.41900371018e-17	2.20050316416e-11	-3.79715803093e-11	1.41107169519e-11	1.31176823438e-12	-1.82942926307e-10	1.97196599713e-10	-2.01177183991e-12	1.4446014321e-10	-9.33933855548e-11	-3.67212876245e-12	-4.66749953506e-11	-1.95946771413e-10	-3.17111476677e-12	2.21159876779e-10	-5.75485608844e-10	-1.71569054314e-12	1.5890194637e-10	-7.17942629561e-11
1.20046306622e-10	-4.23807653222e-13	2.88760420815e-16	-3.79715803093e-11	9.76611842959e-09	-4.86282239859e-10	1.84223284522e-12	2.66134722794e-10	4.821512828e-10	1.9791989723e-11	-1.43341277787e-09	1.23310409805e-09	2.99012273033e-11	3.81591933935e-10	1.47295052161e-09	2.32087394536e-11	-1.98546467302e-09	3.71846895468e-09	8.07696661983e-12	-1.45494486183e-09	-3.3350812791e-10
-8.33195384952e-10	2.51034295195e-12	-1.58039356145e-15	1.41107169519e-11	-4.86282239859e-10	1.95778644366e-08	5.36619565333e-11	-6.29528345812e-09	7.55228801137e-09	-7.02854985948e-11	4.9872436703e-09	-2.90812224726e-09	-1.30932325431e-10	-1.69799624537e-09	-6.91346044494e-09	-1.14795340008e-10	7.76523730818e-09	-2.03093167097e-08	-6.52253317192e-11	5.27270000682e-09	-2.91952438498e-09
-1.87472088002e-12	1.38196718202e-16	1.38774157891e-18	1.31176823438e-12	1.84223284522e-12	5.36619565333e-11	1.62739195189e-11	7.16037810504e-11	-6.06259669472e-10	1.0060252879e-12	-3.33009164411e-11	6.13474676598e-11	1.03669476687e-12	2.25139075077e-11	2.25056724917e-11	6.73266422248e-13	-6.39278517725e-11	6.62730632003e-11	3.10479291688e-13	2.52841279036e-12	-1.52023251109e-12
5.95898185184e-10	-1.80767307336e-12	1.10449017638e-15	-1.82942926307e-10	2.66134722794e-10	-6.29528345812e-09	7.16037810504e-11	1.56970749552e-07	-2.1778471963e-08	4.68730582002e-11	-3.84847371263e-09	2.58798452677e-09	1.30989262772e-10	2.94609400684e-09	4.90034771243e-09	1.09289937371e-10	-5.61944151098e-09	1.77609818496e-08	1.05042596298e-10	4.42152272579e-09	9.28592429848e-09
-3.72584861192e-10	4.01810738256e-13	-2.41652194607e-17	1.97196599713e-10	4.821512828e-10	7.55228801137e-09	-6.06259669472e-10	-2.1778471963e-08	1.55871462206e-07	8.62320838338e-11	-4.13310853717e-09	9.49424409668e-09	5.7455544312e-11	5.9314121381e-10	3.38511581462e-09	3.51820287196e-11	-4.639075617e-09	6.35107035127e-09	-2.60554920651e-11	-4.82254989032e-09	-5.57495383225e-09
9.45035194556e-12	-3.44620348232e-14	2.27106145195e-17	-2.01177183991e-12	1.9791989723e-11	-7.02854985948e-11	1.0060252879e-12	4.68730582002e-11	8.62320838338e-11	1.61737458942e-11	2.06134867255e-10	-1.79453659261e-10	5.42846398582e-12	2.17317093614e-10	-1.79054414878e-10	2.20601494557e-12	-1.758482535e-10	5.20404104474e-10	1.76330724117e-12	2.02592323577e-12	1.44930770444e-10
-6.31873995e-10	2.2729604574e-12	-1.49414641537e-15	1.4446014321e-10	-1.43341277787e-09	4.9872436703e-09	-3.33009164411e-11	-3.84847371263e-09	-4.13310853717e-09	2.06134867255e-10	1.59471856849e-07	6.47107498069e-08	2.83626691591e-11	6.12417879115e-08	-8.13040593025e-08	-1.82767473426e-10	5.73049411903e-09	-1.85733785702e-08	-9.49286833108e-11	2.47258396118e-09	-1.17128523959e-08
5.28350820132e-10	-2.09953572097e-12	1.45862255909e-15	-9.33933855548e-11	1.23310409805e-09	-2.90812224726e-09	6.13474676598e-11	2.58798452677e-09	9.49424409668e-09	-1.79453659261e-10	6.47107498069e-08	1.43018594078e-07	2.40399751261e-10	6.08845065643e-08	-4.76757307995e-08	1.28447520425e-10	-1.40765189817e-08	3.40566509755e-08	7.23574992501e-11	-4.8626782921e-09	1.81672786391e-09
1.56873456736e-11	-5.47911987248e-14	3.51968990156e-17	-3.67212876245e-12	2.99012273033e-11	-1.30932325431e-10	1.03669476687e-12	1.30989262772e-10	5.7455544312e-11	5.42846398582e-12	2.83626691591e-11	2.40399751261e-10	1.46281102522e-11	1.65642385628e-10	-2.09780475164e-10	4.00947757319e-12	-2.66189556768e-10	7.79128875207e-10	2.83072846842e-12	7.68166933012e-12	2.84091620354e-10
2.16503905499e-10	-7.75249663658e-13	4.9501304422e-16	-4.66749953506e-11	3.81591933935e-10	-1.69799624537e-09	2.25139075077e-11	2.94609400684e-09	5.9314121381e-10	2.17317093614e-10	6.12417879115e-08	6.08845065643e-08	1.65642385628e-10	6.27344924706e-08	-3.52780572668e-08	6.36280588902e-11	-3.67755726425e-09	1.3084418776e-08	5.12190237081e-11	5.3899184589e-10	4.9898817122e-09
8.10257577466e-10	-2.77647203279e-12	1.75684355529e-15	-1.95946771413e-10	1.47295052161e-09	-6.91346044494e-09	2.25056724917e-11	4.90034771243e-09	3.38511581462e-09	-1.79054414878e-10	-8.13040593025e-08	-4.76757307995e-08	-2.09780475164e-10	-3.52780572668e-08	8.43862834892e-08	2.59058669522e-10	-6.74490222377e-09	2.16612047705e-08	1.50016373051e-10	-4.61956035082e-10	1.99433685503e-08
1.28541320216e-11	-4.25841518398e-14	2.44067911471e-17	-3.17111476677e-12	2.32087394536e-11	-1.14795340008e-10	6.73266422248e-13	1.09289937371e-10	3.51820287196e-11	2.20601494557e-12	-1.82767473426e-10	1.28447520425e-10	4.00947757319e-12	6.36280588902e-11	2.59058669522e-10	1.15311143681e-11	-1.0210169864e-10	1.43284338717e-10	4.20354168433e-12	1.22285870238e-10	7.51945660631e-10
-9.71148862457e-10	3.47927753459e-12	-2.37754785361e-15	2.21159876779e-10	-1.98546467302e-09	7.76523730818e-09	-6.39278517725e-11	-5.61944151098e-09	-4.639075617e-09	-1.758482535e-10	5.73049411903e-09	-1.40765189817e-08	-2.66189556768e-10	-3.67755726425e-09	-6.74490222377e-09	-1.0210169864e-10	1.51085568281e-07	-5.69653353066e-08	-7.12257365564e-11	2.3186524482e-08	-1.26442620279e-08
2.30878721948e-09	-7.74182025778e-12	4.63504669976e-15	-5.75485608844e-10	3.71846895468e-09	-2.03093167097e-08	6.62730632003e-11	1.77609818496e-08	6.35107035127e-09	5.20404104474e-10	-1.85733785702e-08	3.40566509755e-08	7.79128875207e-10	1.3084418776e-08	2.16612047705e-08	1.43284338717e-10	-5.69653353066e-08	2.65447357569e-07	6.51259422425e-10	5.11102886318e-08	5.35591998008e-08
5.89261667134e-12	-1.64831624098e-14	4.57116320778e-18	-1.71569054314e-12	8.07696661983e-12	-6.52253317192e-11	3.10479291688e-13	1.05042596298e-10	-2.60554920651e-11	1.76330724117e-12	-9.49286833108e-11	7.23574992501e-11	2.83072846842e-12	5.12190237081e-11	1.50016373051e-10	4.20354168433e-12	-7.12257365564e-11	6.51259422425e-10	1.45963084577e-11	3.07318459501e-10	6.10481057643e-11
-7.5261557866e-10	2.992150619e-12	-2.69134922655e-15	1.5890194637e-10	-1.45494486183e-09	5.27270000682e-09	2.52841279036e-12	4.42152272579e-09	-4.82254989032e-09	2.02592323577e-12	2.47258396118e-09	-4.8626782921e-09	7.68166933012e-12	5.3899184589e-10	-4.61956035082e-10	1.22285870238e-10	2.3186524482e-08	5.11102886318e-08	3.07318459501e-10	3.88621788401e-07	1.40712979609e-07
2.14687375377e-11	7.36391733627e-13	-1.81698995507e-15	-7.17942629561e-11	-3.3350812791e-10	-2.91952438498e-09	-1.52023251109e-12	9.28592429848e-09	-5.57495383225e-09	1.44930770444e-10	-1.17128523959e-08	1.81672786391e-09	2.84091620354e-10	4.9898817122e-09	1.99433685503e-08	7.51945660631e-10	-1.26442620279e-08	5.35591998008e-08	6.10481057643e-11	1.40712979609e-07	4.81222506091e-07

correlation matrix
==================
1.0	-0.982142500571	0.94817790567	-0.533612397476	0.132653751773	-0.650273303775	-0.0507483892302	0.16424585732	-0.10305608207	0.256610487931	-0.172790628502	0.152566035605	0.447906207771	0.0943939735388	0.304592284881	0.413369894488	-0.272838744401	0.489357708816	0.1684295939	-0.131838228361	0.00337959974811
-0.982142500571	1.0	-0.986673468607	0.496074087729	-0.143055528517	0.598476694184	0.00114274279642	-0.152197446914	0.0339496325882	-0.285846219997	0.189865780643	-0.185192698585	-0.477874144965	-0.10324885317	-0.318826357477	-0.418320556241	0.298589427469	-0.501245775289	-0.143918248811	0.160109360412	0.035410559093
0.94817790567	-0.986673468607	1.0	-0.464453221049	0.144063938776	-0.556879466655	0.0169605968152	0.137445682789	-0.00301776939992	0.278421128626	-0.184471697149	0.190162678297	0.453721021587	0.097441073631	0.298178119392	0.35436731391	-0.30157572966	0.443550958994	0.0589907371091	-0.212855606432	-0.129139224111
-0.533612397476	0.496074087729	-0.464453221049	1.0	-0.0819099536427	0.0214983645611	0.0693186393236	-0.0984340279505	0.106476831394	-0.10663810484	0.0771160927199	-0.0526452106952	-0.204674053203	-0.039725565689	-0.143794138513	-0.199074356935	0.121292472589	-0.238113635467	-0.0957318479782	0.0543381245809	-0.0220625535802
0.132653751773	-0.143055528517	0.144063938776	-0.0819099536427	1.0	-0.0351677640287	0.00462101571962	0.00679721773194	0.0123577392867	0.0497992905453	-0.0363218744413	0.032994571731	0.0791104597996	0.0154164719965	0.0513087264677	0.0691599897179	-0.0516879942465	0.0730321293832	0.0213927087502	-0.0236168498725	-0.00486488371784
-0.650273303775	0.598476694184	-0.556879466655	0.0214983645611	-0.0351677640287	1.0	0.0950687454084	-0.113559446053	0.136713871037	-0.12490440753	0.0892556883726	-0.054958357912	-0.244664021728	-0.0484507911121	-0.170089260815	-0.241605023744	0.142777766109	-0.281723743404	-0.122014690242	0.0604486813033	-0.0300785213908
-0.0507483892302	0.00114274279642	0.0169605968152	0.0693186393236	0.00462101571962	0.0950687454084	1.0	0.044800257263	-0.380653030507	0.0620093969385	-0.0206713137119	0.0402118733609	0.0671909392156	0.0222818682104	0.019204808569	0.049147930304	-0.0407692326664	0.0318861261063	0.0201448965142	0.00100539870995	-0.000543239034606
0.16424585732	-0.152197446914	0.137445682789	-0.0984340279505	0.00679721773194	-0.113559446053	0.044800257263	1.0	-0.139230612739	0.0294176933003	-0.0243241197512	0.0172725340358	0.0864434754555	0.029688211833	0.0425776415117	0.0812335010751	-0.036489868479	0.0870098462391	0.0693960202678	0.0179018915772	0.0337864690961
-0.10305608207	0.0339496325882	-0.00301776939992	0.106476831394	0.0123577392867	0.136713871037	-0.380653030507	-0.139230612739	1.0	0.0543100582486	-0.0262150976582	0.0635888302897	0.038049988174	0.00599820911461	0.0295157821931	0.0262423023116	-0.0302298961775	0.0312229846476	-0.0172740613757	-0.0195943044395	-0.0203556514223
0.256610487931	-0.285846219997	0.278421128626	-0.10663810484	0.0497992905453	-0.12490440753	0.0620093969385	0.0294176933003	0.0543100582486	1.0	0.12835243867	-0.117991509838	0.352921032102	0.215742340515	-0.153265284524	0.161535322405	-0.112491902117	0.251157529322	0.114762808247	0.00080807952844	0.0519496143433
-0.172790628502	0.189865780643	-0.184471697149	0.0771160927199	-0.0363218744413	0.0892556883726	-0.0206713137119	-0.0243241197512	-0.0262150976582	0.12835243867	1.0	0.428487497275	0.0185699596929	0.612283619953	-0.700864840354	-0.134778693724	0.0369180330627	-0.0902733755278	-0.0622205599664	0.00993219984211	-0.0422812365003
0.152566035605	-0.185192698585	0.190162678297	-0.0526452106952	0.032994571731	-0.054958357912	0.0402118733609	0.0172725340358	0.0635888302897	-0.117991509838	0.428487497275	1.0	0.166204833369	0.642772583062	-0.433975464338	0.100021608171	-0.09576074736	0.174789960051	0.0500801683662	-0.020626033224	0.0069250140637
0.447906207771	-0.477874144965	0.453721021587	-0.204674053203	0.0791104597996	-0.244664021728	0.0671909392156	0.0864434754555	0.038049988174	0.352921032102	0.0185699596929	0.166204833369	1.0	0.17291161606	-0.188814360572	0.308715216542	-0.179054569766	0.39539027596	0.193723623559	0.00322179514575	0.107075804507
0.0943939735388	-0.10324885317	0.097441073631	-0.039725565689	0.0154164719965	-0.0484507911121	0.0222818682104	0.029688211833	0.00599820911461	0.215742340515	0.612283619953	0.642772583062	0.17291161606	1.0	-0.48485908361	0.0748100319357	-0.0377741550247	0.101393949007	0.0535249888345	0.00345195740058	0.0287186546336
0.304592284881	-0.318826357477	0.298178119392	-0.143794138513	0.0513087264677	-0.170089260815	0.019204808569	0.0425776415117	0.0295157821931	-0.153265284524	-0.700864840354	-0.433975464338	-0.188814360572	-0.48485908361	1.0	0.262619252475	-0.0597349132099	0.144729637567	0.135170280461	-0.00255094527607	0.0989668208899
0.413369894488	-0.418320556241	0.35436731391	-0.199074356935	0.0691599897179	-0.241605023744	0.049147930304	0.0812335010751	0.0262423023116	0.161535322405	-0.134778693724	0.100021608171	0.308715216542	0.0748100319357	0.262619252475	1.0	-0.0773545450772	0.0818981102253	0.324009842004	0.0577666344408	0.319211002708
-0.272838744401	0.298589427469	-0.30157572966	0.121292472589	-0.0516879942465	0.142777766109	-0.0407692326664	-0.036489868479	-0.0302298961775	-0.112491902117	0.0369180330627	-0.09576074736	-0.179054569766	-0.0377741550247	-0.0597349132099	-0.0773545450772	1.0	-0.284452636592	-0.0479627351601	0.0956886860713	-0.0468931093695
0.489357708816	-0.501245775289	0.443550958994	-0.238113635467	0.0730321293832	-0.281723743404	0.0318861261063	0.0870098462391	0.0312229846476	0.251157529322	-0.0902733755278	0.174789960051	0.39539027596	0.101393949007	0.144729637567	0.0818981102253	-0.284452636592	1.0	0.33085926469	0.159131280428	0.149855232341
0.1684295939	-0.143918248811	0.0589907371091	-0.0957318479782	0.0213927087502	-0.122014690242	0.0201448965142	0.0693960202678	-0.0172740613757	0.114762808247	-0.0622205599664	0.0500801683662	0.193723623559	0.0535249888345	0.135170280461	0.324009842004	-0.0479627351601	0.33085926469	1.0	0.129033821082	0.023034442813
-0.131838228361	0.160109360412	-0.212855606432	0.0543381245809	-0.0236168498725	0.0604486813033	0.00100539870995	0.0179018915772	-0.0195943044395	0.00080807952844	0.00993219984211	-0.020626033224	0.00322179514575	0.00345195740058	-0.00255094527607	0.0577666344408	0.0956886860713	0.159131280428	0.129033821082	1.0	0.325385069445
0.00337959974811	0.035410559093	-0.129139224111	-0.0220625535802	-0.00486488371784	-0.0300785213908	-0.000543239034606	0.0337864690961	-0.0203556514223	0.0519496143433	-0.0422812365003	0.0069250140637	0.107075804507	0.0287186546336	0.0989668208899	0.319211002708	-0.0468931093695	0.149855232341	0.023034442813	0.325385069445	1.0

