fitting info
============
𝜒²:		234478.211262
DoF:	796
𝜒²/DoF:	294.570617163

parameters
==========
0	a	0.0101803152132	±	1.10228555634e-05
1	b	-2.20996260462e-06	±	2.98057560034e-09
2	A1	0.0102145205053	±	1.89863687717e-06
3	c1	3629.3163997	±	0.0190467770273
4	s1	90.2160240925	±	0.0227152799135

covariance matrix
=================
1.21503344772e-10	-3.27099522447e-14	-2.16851687279e-12	7.31535527875e-08	-3.41722973875e-08
-3.27099522447e-14	8.88383090936e-18	3.89986152853e-16	-2.00109795817e-11	5.57832038049e-12
-2.16851687279e-12	3.89986152853e-16	3.60482199135e-12	-8.29166917197e-10	-9.45999264596e-09
7.31535527875e-08	-2.00109795817e-11	-8.29166917197e-10	0.000362779715127	2.45949440703e-06
-3.41722973875e-08	5.57832038049e-12	-9.45999264596e-09	2.45949440703e-06	0.000515983941548

correlation matrix
==================
1.0	-0.995601750306	-0.103615989092	0.348433423887	-0.136477785695
-0.995601750306	1.0	0.0689139483563	-0.352489925713	0.082392032943
-0.103615989092	0.0689139483563	1.0	-0.022928653766	-0.219346542949
0.348433423887	-0.352489925713	-0.022928653766	1.0	0.00568468296026
-0.136477785695	0.082392032943	-0.219346542949	0.00568468296026	1.0

