fitting info
============
𝜒²:		898.680523825
DoF:	796
𝜒²/DoF:	1.12899563295

parameters
==========
0	a	0.0103057012013	±	0.000128680791674
1	b	-2.25930515168e-06	±	3.37288532445e-08
2	A1	0.0101425802877	±	4.22053775916e-05
3	c1	3630.19817276	±	0.366613517777
4	s1	91.936204341	±	0.384018697118

covariance matrix
=================
1.65587461459e-08	-4.32531776327e-12	-4.20281339612e-10	1.41857120745e-05	-1.30394054663e-05
-4.32531776327e-12	1.13763554119e-15	1.02913047979e-13	-3.75581011192e-09	2.8794490132e-09
-4.20281339612e-10	1.02913047979e-13	1.78129389765e-09	-4.36468490918e-07	-7.47607746151e-06
1.41857120745e-05	-3.75581011192e-09	-4.36468490918e-07	0.134405471417	-0.0111282298336
-1.30394054663e-05	2.8794490132e-09	-7.47607746151e-06	-0.0111282298336	0.147470359736

correlation matrix
==================
1.0	-0.996558319119	-0.0773853219403	0.300696894197	-0.263871020199
-0.996558319119	1.0	0.0722938036296	-0.303734117007	0.22230818207
-0.0773853219403	0.0722938036296	1.0	-0.028208281747	-0.46126832476
0.300696894197	-0.303734117007	-0.028208281747	1.0	-0.0790433326065
-0.263871020199	0.22230818207	-0.46126832476	-0.0790433326065	1.0

