fitting info
============
𝜒²:		234478.206554
DoF:	796
𝜒²/DoF:	294.570611248

parameters
==========
0	a	558.726233281	±	10.4565439965
1	b	-0.121289376268	±	0.00282754460281
2	A1	560.603525565	±	1.80258878264
3	c1	3629.31639875	±	0.331909107183
4	s1	90.2160260685	±	0.39198717214

covariance matrix
=================
109.33931235	-0.0294396424024	-1.9994983658	1.21540781557	-0.548329131624
-0.0294396424024	7.99500848086e-06	0.000371325567999	-0.000331323047309	8.86963844355e-05
-1.9994983658	0.000371325567999	3.24932631932	-0.01915284453	-0.156653363514
1.21540781557	-0.000331323047309	-0.01915284453	0.110163655431	-0.000301968888271
-0.548329131624	8.86963844355e-05	-0.156653363514	-0.000301968888271	0.153653943123

correlation matrix
==================
1.0	-0.995714649857	-0.106080661742	0.350198826553	-0.133776951698
-0.995714649857	1.0	0.0728532156084	-0.353039267716	0.080024800037
-0.106080661742	0.0728532156084	1.0	-0.0320123421579	-0.221702813764
0.350198826553	-0.353039267716	-0.0320123421579	1.0	-0.00232097881349
-0.133776951698	0.080024800037	-0.221702813764	-0.00232097881349	1.0

