fitting info
============
χ²:		36.002798262
DoF:	35
χ²/DoF:	1.02865137891

parameters
==========
0	A_{0}	0.316712209809	±	0.024431221512
1	d	0.0125152323616	±	0.00152987038931
2	E_{g}	0.690627682963	±	0.00180288765957
3	y_{0}	0.00725672052686	±	0.00167087100103

covariance matrix
=================
0.000596884584569	3.59712474903e-05	2.95887753789e-05	5.1760357293e-06
3.59712474903e-05	2.34050340807e-06	1.83826931796e-06	6.7848902061e-07
2.95887753789e-05	1.83826931796e-06	3.25040391303e-06	1.08256194355e-06
5.1760357293e-06	6.7848902061e-07	1.08256194355e-06	2.79180990209e-06

correlation matrix
==================
1.0	0.962400143765	0.671758458351	0.126797053779
0.962400143765	1.0	0.66647802357	0.265427100973
0.671758458351	0.66647802357	1.0	0.35936946086
0.126797053779	0.265427100973	0.35936946086	1.0

