fitting info
============
χ²:		32673.3874034
DoF:	1745
χ²/DoF:	18.7240042426

parameters
==========
0	a	-0.0052607686688	±	2.19068981907e-06
1	b	-40.1638606452	±	0.379870219943
2	A	3.42530589621e-08	±	1.08795091661e-11
3	t_{c}	3.93957829358e-06	±	2.33921756561e-10
4	#sigma	6.1188265699e-07	±	1.79762027733e-10

covariance matrix
=================
4.79912188339e-12	-7.40625497346e-07	-9.87338470076e-18	8.38357796424e-17	-1.41530498769e-16
-7.40625497346e-07	0.144301384	9.0357819755e-13	-1.65325601606e-11	1.33121901411e-11
-9.87338470076e-18	9.0357819755e-13	1.18363719696e-22	1.43903938895e-22	1.63624852546e-21
8.38357796424e-17	-1.65325601606e-11	1.43903938895e-22	5.47193881927e-20	1.09457171622e-21
-1.41530498769e-16	1.33121901411e-11	1.63624852546e-21	1.09457171622e-21	3.23143866146e-20

correlation matrix
==================
1.0	-0.889984660156	-0.414262733563	0.163597966465	-0.359394303322
-0.889984660156	1.0	0.218635758056	-0.186051958924	0.194946887451
-0.414262733563	0.218635758056	1.0	0.0565448117535	0.836646517082
0.163597966465	-0.186051958924	0.0565448117535	1.0	0.0260300886367
-0.359394303322	0.194946887451	0.836646517082	0.0260300886367	1.0

