fitting info
============
χ²:		5388.64484261
DoF:	1270
χ²/DoF:	4.24302743513

parameters
==========
0	a	-0.00892992460766	±	9.85429148457e-06
1	b	-2905.05159008	±	5.97404005048
2	A	5.45612163852e-08	±	3.91099796263e-11
3	t_{c}	2.32605027454e-06	±	2.30415233851e-10
4	#sigma	4.83755632577e-07	±	2.41431832888e-10

covariance matrix
=================
9.71070606629e-11	-3.62902157332e-05	-8.05787573583e-17	1.06763697052e-15	-6.51353552437e-16
-3.62902157332e-05	35.6891545247	-1.39317420439e-10	-9.17778241859e-10	-7.17773218847e-10
-8.05787573583e-17	-1.39317420439e-10	1.52959050637e-21	3.75463900372e-21	9.17668165649e-21
1.06763697052e-15	-9.17778241859e-10	3.75463900372e-21	5.30911799906e-20	2.01315122729e-20
-6.51353552437e-16	-7.17773218847e-10	9.17668165649e-21	2.01315122729e-20	5.82893299317e-20

correlation matrix
==================
1.0	-0.616447386663	-0.209077631496	0.470204748843	-0.273776930701
-0.616447386663	1.0	-0.59627926169	-0.666742959872	-0.49765066515
-0.209077631496	-0.59627926169	1.0	0.416648102841	0.971859635697
0.470204748843	-0.666742959872	0.416648102841	1.0	0.361885081341
-0.273776930701	-0.49765066515	0.971859635697	0.361885081341	1.0

