fitting info
============
χ²:		9418.98790461
DoF:	1495
χ²/DoF:	6.3003263576

parameters
==========
0	a	-0.00164492399456	±	3.1640141813e-06
1	b	46.7664508434	±	0.485590160858
2	A	2.23410605635e-08	±	8.83483196449e-12
3	t_{c}	6.04042972979e-06	±	2.69774902792e-10
4	#sigma	7.30565754948e-07	±	2.53906468213e-10

covariance matrix
=================
1.00109857395e-11	-1.39422778994e-06	-7.53604397189e-18	2.61200480696e-16	-1.8091037994e-16
-1.39422778994e-06	0.235797804322	-1.58060351663e-13	-4.39660990247e-11	-3.09722235585e-12
-7.53604397189e-18	-1.58060351663e-13	7.80542558408e-23	9.0645106386e-24	1.83822198119e-21
2.61200480696e-16	-4.39660990247e-11	9.0645106386e-24	7.27784981764e-20	2.64919624053e-23
-1.8091037994e-16	-3.09722235585e-12	1.83822198119e-21	2.64919624053e-23	6.44684946004e-20

correlation matrix
==================
1.0	-0.907455704683	-0.269591818801	0.306008863379	-0.225191140155
-0.907455704683	1.0	-0.0368429818116	-0.335618978036	-0.0251205267824
-0.269591818801	-0.0368429818116	1.0	0.00380315936793	0.819456485323
0.306008863379	-0.335618978036	0.00380315936793	1.0	0.000386757568112
-0.225191140155	-0.0251205267824	0.819456485323	0.000386757568112	1.0

