fitting info
============
χ²:		1143.93107191
DoF:	894
χ²/DoF:	1.27956495739

parameters
==========
0	a	-0.00070098403659	±	7.33887329599e-06
1	b	38.1647905433	±	0.43576236083
2	A	4.4163879915e-09	±	1.42286398075e-11
3	t_{c}	1.79998917209e-05	±	2.54931732293e-09
4	#sigma	1.20064352924e-06	±	3.16933239949e-09

covariance matrix
=================
5.38590612546e-11	-3.10305090964e-06	1.24963127011e-17	8.32164589627e-15	2.24673021396e-15
-3.10305090964e-06	0.189888835116	-1.99212418357e-12	-5.08410269736e-10	-3.58669100371e-10
1.24963127011e-17	-1.99212418357e-12	2.02454190772e-22	5.15717136425e-21	3.65593056648e-20
8.32164589627e-15	-5.08410269736e-10	5.15717136425e-21	6.49901881299e-18	1.02642312952e-18
2.24673021396e-15	-3.58669100371e-10	3.65593056648e-20	1.02642312952e-18	1.00446678584e-17

correlation matrix
==================
1.0	-0.970308410718	0.119671052032	0.444790952691	0.0965947995487
-0.970308410718	1.0	-0.321294511649	-0.457657624857	-0.259702695907
0.119671052032	-0.321294511649	1.0	0.142175341455	0.81071230188
0.444790952691	-0.457657624857	0.142175341455	1.0	0.12703832018
0.0965947995487	-0.259702695907	0.81071230188	0.12703832018	1.0

