fitting info
============
χ²:		1667.30138934
DoF:	1095
χ²/DoF:	1.52264967063

parameters
==========
0	a	0.0067376514202	±	3.17350700044e-06
1	b	42.793738843	±	0.139169937385
2	A	4.05228068089e-09	±	1.28473051421e-11
3	t_{c}	1.99545348885e-05	±	3.86040954992e-09
4	#sigma	-1.25768205683e-06	±	3.99847948029e-09

covariance matrix
=================
1.00711466818e-11	-4.16940332579e-07	-1.20354192678e-17	1.29540027196e-15	2.3143545665e-15
-4.16940332579e-07	0.0193682714717	2.15784723491e-13	-6.06056042734e-11	-3.78991926078e-11
-1.20354192678e-17	2.15784723491e-13	1.65053249415e-22	-9.54376236022e-22	-3.37073839843e-20
1.29540027196e-15	-6.06056042734e-11	-9.54376236022e-22	1.49027618931e-17	3.64766954652e-19
2.3143545665e-15	-3.78991926078e-11	-3.37073839843e-20	3.64766954652e-19	1.59878381543e-17

correlation matrix
==================
1.0	-0.944036999745	-0.295195494046	0.10573801225	0.182387706736
-0.944036999745	1.0	0.12068775932	-0.112806460478	-0.0681066712682
-0.295195494046	0.12068775932	1.0	-0.0192430627554	-0.656172669467
0.10573801225	-0.112806460478	-0.0192430627554	1.0	0.0236312793693
0.182387706736	-0.0681066712682	-0.656172669467	0.0236312793693	1.0

