fitting info
============
χ²:		2169.27933034
DoF:	1195
χ²/DoF:	1.81529651075

parameters
==========
0	a	-0.00321624334882	±	3.66631696004e-06
1	b	41.6490979097	±	0.248490600843
2	A	6.30094374645e-09	±	9.77534701486e-12
3	t_{c}	1.39932750152e-05	±	1.44613172428e-09
4	#sigma	1.07917620869e-06	±	1.60401378196e-09

covariance matrix
=================
1.34418800515e-11	-8.64383739921e-07	-7.74066143209e-18	1.21786049696e-15	-8.76729550299e-16
-8.64383739921e-07	0.0617475787072	-4.46016185331e-15	-8.85795954381e-11	-2.04222178647e-12
-7.74066143209e-18	-4.46016185331e-15	9.55574092609e-23	2.39703630437e-22	1.10824816891e-20
1.21786049696e-15	-8.85795954381e-11	2.39703630437e-22	2.09129696398e-18	6.18156073844e-20
-8.76729550299e-16	-2.04222178647e-12	1.10824816891e-20	6.18156073844e-20	2.57286021271e-18

correlation matrix
==================
1.0	-0.948782388603	-0.21598116585	0.229699305671	-0.149082800196
-0.948782388603	1.0	-0.00183615132092	-0.24649940355	-0.00512371356754
-0.21598116585	-0.00183615132092	1.0	0.0169564359933	0.706800329938
0.229699305671	-0.24649940355	0.0169564359933	1.0	0.0266490782397
-0.149082800196	-0.00512371356754	0.706800329938	0.0266490782397	1.0

