fitting info
============
χ²:		4248.09892609
DoF:	1196
χ²/DoF:	3.55192217901

parameters
==========
0	a	-0.00325153537402	±	2.66291638834e-06
1	b	38.4266072911	±	0.252485990935
2	A	1.93455364028e-08	±	1.02873188715e-11
3	t_{c}	7.94029044572e-06	±	4.53675625238e-10
4	#sigma	8.44317225614e-07	±	4.29413755539e-10

covariance matrix
=================
7.09112369128e-12	-6.16158984222e-07	-1.11473633956e-17	1.65652822179e-16	-3.3896943751e-16
-6.16158984222e-07	0.0637491756184	5.55430166787e-13	-1.74826413947e-11	1.68010259285e-11
-1.11473633956e-17	5.55430166787e-13	1.05828929564e-22	-1.49322660466e-22	3.22141166127e-21
1.65652822179e-16	-1.74826413947e-11	-1.49322660466e-22	2.05821572935e-19	-2.06848280448e-21
-3.3896943751e-16	1.68010259285e-11	3.22141166127e-21	-2.06848280448e-21	1.84396173446e-19

correlation matrix
==================
1.0	-0.916427194924	-0.406923177348	0.137118439599	-0.296433348651
-0.916427194924	1.0	0.213840507026	-0.152624521877	0.154961054599
-0.406923177348	0.213840507026	1.0	-0.0319947021111	0.729235953596
0.137118439599	-0.152624521877	-0.0319947021111	1.0	-0.0106177016126
-0.296433348651	0.154961054599	0.729235953596	-0.0106177016126	1.0

