fitting info
============
χ²:		3484.46573635
DoF:	1396
χ²/DoF:	2.49603562776

parameters
==========
0	a	0.00251646132454	±	2.84732216026e-06
1	b	44.8729943739	±	0.196993466453
2	A	9.1236585106e-09	±	9.12070888196e-12
3	t_{c}	1.21235209973e-05	±	9.34403877539e-10
4	#sigma	1.01786682805e-06	±	1.00755761628e-09

covariance matrix
=================
8.10724348433e-12	-5.25971428937e-07	-9.57680244019e-18	4.29797054766e-16	-7.23162884228e-16
-5.25971428937e-07	0.038806425825	3.0524409073e-13	-3.24204877624e-11	2.27387811219e-11
-9.57680244019e-18	3.0524409073e-13	8.31873305094e-23	-1.61189293497e-22	6.33277801723e-21
4.29797054766e-16	-3.24204877624e-11	-1.61189293497e-22	8.73110606359e-19	9.87431882162e-22
-7.23162884228e-16	2.27387811219e-11	6.33277801723e-21	9.87431882162e-22	1.01517235012e-18

correlation matrix
==================
1.0	-0.937721174948	-0.36876978177	0.161544506877	-0.252074915208
-0.937721174948	1.0	0.169889621465	-0.176129900614	0.114563287746
-0.36876978177	0.169889621465	1.0	-0.0189135462503	0.689121469836
0.161544506877	-0.176129900614	-0.0189135462503	1.0	0.00104882401616
-0.252074915208	0.114563287746	0.689121469836	0.00104882401616	1.0

