fitting info
============
χ²:		4244.98786883
DoF:	1244
χ²/DoF:	3.41236966948

parameters
==========
0	a	-0.00103605818395	±	3.18001642511e-06
1	b	43.5100816003	±	0.246170423566
2	A	1.21702010478e-08	±	9.59396513387e-12
3	t_{c}	9.81404771416e-06	±	6.59141981698e-10
4	#sigma	9.23984334998e-07	±	7.02078305195e-10

covariance matrix
=================
1.01125044639e-11	-7.37818036711e-07	-1.47553686294e-17	3.60756017061e-16	-7.65384962079e-16
-7.37818036711e-07	0.0605998774385	7.35379284627e-13	-3.01750270283e-11	3.77158578337e-11
-1.47553686294e-17	7.35379284627e-13	9.204416699e-23	-3.23709409325e-22	4.81713246322e-21
3.60756017061e-16	-3.01750270283e-11	-3.23709409325e-22	4.34468152037e-19	-1.15703340123e-20
-7.65384962079e-16	3.77158578337e-11	4.81713246322e-21	-1.15703340123e-20	4.92913946625e-19

correlation matrix
==================
1.0	-0.942505800573	-0.483640392374	0.1721096601	-0.342819098724
-0.942505800573	1.0	0.311370441911	-0.185965688143	0.218224026083
-0.483640392374	0.311370441911	1.0	-0.0511891848891	0.715162773311
0.1721096601	-0.185965688143	-0.0511891848891	1.0	-0.0250023810515
-0.342819098724	0.218224026083	0.715162773311	-0.0250023810515	1.0

