fitting info
============
χ²:		1660.56196996
DoF:	1145
χ²/DoF:	1.45027246284

parameters
==========
0	a	0.007753825078	±	3.33830534473e-06
1	b	45.5054176829	±	0.131170328544
2	A	4.23848337432e-09	±	1.43718243632e-11
3	t_{c}	2.22445287665e-05	±	4.77919576091e-09
4	#sigma	1.4965510059e-06	±	5.25921520161e-09

covariance matrix
=================
1.11442825746e-11	-4.15342839008e-07	-1.52154712943e-17	2.33157962127e-15	-3.64984159302e-15
-4.15342839008e-07	0.0172056550904	2.61700889644e-13	-9.62720003426e-11	6.40293402845e-11
-1.52154712943e-17	2.61700889644e-13	2.06549335528e-22	-1.30032378842e-21	5.02061025695e-20
2.33157962127e-15	-9.62720003426e-11	-1.30032378842e-21	2.28407121211e-17	5.29861725437e-20
-3.64984159302e-15	6.40293402845e-11	5.02061025695e-20	5.29861725437e-20	2.76593445369e-17

correlation matrix
==================
1.0	-0.948516877691	-0.31713739182	0.146140090846	-0.207886848826
-0.948516877691	1.0	0.138821806493	-0.153571126262	0.0928159210658
-0.31713739182	0.138821806493	1.0	-0.0189314895718	0.664237921362
0.146140090846	-0.153571126262	-0.0189314895718	1.0	0.00210807854035
-0.207886848826	0.0928159210658	0.664237921362	0.00210807854035	1.0

