fitting info
============
χ²:		11369.1153283
DoF:	2370
χ²/DoF:	4.79709507522

parameters
==========
0	a	-0.00181151173655	±	2.31632356531e-06
1	b	39.2297002537	±	0.230478920775
2	A	1.48263776918e-08	±	7.24229457275e-12
3	t_{c}	9.25103759124e-06	±	4.2156798189e-10
4	#sigma	1.04350772115e-06	±	4.60738928605e-10

covariance matrix
=================
5.36535485921e-12	-4.89027843564e-07	-4.83508646387e-18	2.81042213341e-16	-2.25557658485e-16
-4.89027843564e-07	0.0531205329218	-1.84693644071e-14	-3.12286094269e-11	-1.64488684082e-12
-4.83508646387e-18	-1.84693644071e-14	5.24508306785e-23	4.95192752789e-23	2.51568915367e-21
2.81042213341e-16	-3.12286094269e-11	4.95192752789e-23	1.77719563355e-19	5.62628290234e-21
-2.25557658485e-16	-1.64488684082e-12	2.51568915367e-21	5.62628290234e-21	2.12280360332e-19

correlation matrix
==================
1.0	-0.916016190511	-0.288223132527	0.287809226813	-0.211350579973
-0.916016190511	1.0	-0.0110648250918	-0.321405878399	-0.0154899460975
-0.288223132527	-0.0110648250918	1.0	0.0162192390965	0.753921075427
0.287809226813	-0.321405878399	0.0162192390965	1.0	0.028966701158
-0.211350579973	-0.0154899460975	0.753921075427	0.028966701158	1.0

