fitting info
============
χ²:		9933.11781974
DoF:	2433
χ²/DoF:	4.08266248243

parameters
==========
0	a	-0.00393573591473	±	1.91753531822e-06
1	b	45.3206120226	±	0.215560301787
2	A	1.86597902751e-08	±	6.68385653403e-12
3	t_{c}	8.18537852818e-06	±	3.00598571027e-10
4	#sigma	8.66930516805e-07	±	2.93609526183e-10

covariance matrix
=================
3.67694169662e-12	-3.74004909682e-07	-3.13101957006e-18	1.10435789838e-16	-1.00021291959e-16
-3.74004909682e-07	0.0464662437065	-3.51356926912e-14	-1.40231375217e-11	-1.35080948786e-12
-3.13101957006e-18	-3.51356926912e-14	4.46739381675e-23	1.2617901867e-23	1.44829460837e-21
1.10435789838e-16	-1.40231375217e-11	1.2617901867e-23	9.03595009033e-20	1.11662582857e-21
-1.00021291959e-16	-1.35080948786e-12	1.44829460837e-21	1.11662582857e-21	8.62065538657e-20

correlation matrix
==================
1.0	-0.90482616081	-0.244295400868	0.191592964868	-0.177655618111
-0.90482616081	1.0	-0.0243866765242	-0.216416066112	-0.0213429858894
-0.244295400868	-0.0243866765242	1.0	0.00628019479114	0.738005591623
0.191592964868	-0.216416066112	0.00628019479114	1.0	0.0126517503997
-0.177655618111	-0.0213429858894	0.738005591623	0.0126517503997	1.0

