fitting info
============
χ²:		12621.3361815
DoF:	2432
χ²/DoF:	5.18969415356

parameters
==========
0	a	-0.00305502851519	±	2.13515353611e-06
1	b	34.8755318021	±	0.218114695028
2	A	1.61317283166e-08	±	6.78465629003e-12
3	t_{c}	8.78005942793e-06	±	3.60588299209e-10
4	#sigma	9.6404509388e-07	±	3.76195671482e-10

covariance matrix
=================
4.55888062277e-12	-4.26329824641e-07	-4.40528599122e-18	1.83741250065e-16	-1.77795419342e-16
-4.26329824641e-07	0.0475740201874	4.22089300718e-14	-2.09991591732e-11	1.37510947286e-12
-4.40528599122e-18	4.22089300718e-14	4.60315609739e-23	9.76362182854e-24	1.88780192129e-21
1.83741250065e-16	-2.09991591732e-11	9.76362182854e-24	1.30023921526e-19	2.11706180081e-21
-1.77795419342e-16	1.37510947286e-12	1.88780192129e-21	2.11706180081e-21	1.41523183242e-19

correlation matrix
==================
1.0	-0.915443782185	-0.30410050881	0.238652466151	-0.221349050566
-0.915443782185	1.0	0.028522761214	-0.266996365239	0.0167586315711
-0.30410050881	0.028522761214	1.0	0.00399090572049	0.739630442946
0.238652466151	-0.266996365239	0.00399090572049	1.0	0.0156065932516
-0.221349050566	0.0167586315711	0.739630442946	0.0156065932516	1.0

