fitting info
============
χ²:		11803.2257313
DoF:	2433
χ²/DoF:	4.85130527386

parameters
==========
0	a	-0.00309806494483	±	1.99512705469e-06
1	b	52.1687351201	±	0.216082898607
2	A	1.80796381996e-08	±	6.69923228013e-12
3	t_{c}	8.32946174956e-06	±	3.1237560961e-10
4	#sigma	8.91033797184e-07	±	3.10774511608e-10

covariance matrix
=================
3.98053196437e-12	-3.92275771717e-07	-3.68600381898e-18	1.27604423576e-16	-1.24817641314e-16
-3.92275771717e-07	0.0466918190705	1.41518398326e-14	-1.5474623461e-11	2.69723974655e-13
-3.68600381898e-18	1.41518398326e-14	4.48797131431e-23	-2.45665479732e-24	1.53644034239e-21
1.27604423576e-16	-1.5474623461e-11	-2.45665479732e-24	9.75785214791e-20	7.49354397283e-22
-1.24817641314e-16	2.69723974655e-13	1.53644034239e-21	7.49354397283e-22	9.65807970651e-20

correlation matrix
==================
1.0	-0.909914384328	-0.275778361386	0.204747239686	-0.201307530359
-0.909914384328	1.0	0.00977614133277	-0.229256984994	0.0040165553971
-0.275778361386	0.00977614133277	1.0	-0.00117392940733	0.737981157129
0.204747239686	-0.229256984994	-0.00117392940733	1.0	0.00771906593895
-0.201307530359	0.0040165553971	0.737981157129	0.00771906593895	1.0

