fitting info
============
χ²:		3618.19391665
DoF:	2244
χ²/DoF:	1.61238588086

parameters
==========
0	a	0.00430990814909	±	1.78585375364e-06
1	b	5.91309922882	±	0.104272434827
2	A	4.37819589775e-09	±	1.81569654969e-11
3	t_{c}	1.73659350143e-05	±	8.09418296785e-09
4	#sigma	2.61767043128e-06	±	9.54172072245e-09

covariance matrix
=================
3.18927362938e-12	-1.55049509133e-07	-6.73183633293e-18	4.35063769758e-15	-2.53719608844e-15
-1.55049509133e-07	0.0108727406647	-4.86995333295e-13	-3.27839804718e-10	-2.07762932308e-10
-6.73183633293e-18	-4.86995333295e-13	3.29675396056e-22	2.20049097007e-20	1.33167851646e-19
4.35063769758e-15	-3.27839804718e-10	2.20049097007e-20	6.55157979171e-17	1.14258922729e-17
-2.53719608844e-15	-2.07762932308e-10	1.33167851646e-19	1.14258922729e-17	9.10444343452e-17

correlation matrix
==================
1.0	-0.83263562768	-0.20760814569	0.30097748602	-0.148895455004
-0.83263562768	1.0	-0.257224313333	-0.388435711186	-0.20881988414
-0.20760814569	-0.257224313333	1.0	0.149728097081	0.768651402898
0.30097748602	-0.388435711186	0.149728097081	1.0	0.147941632504
-0.148895455004	-0.20881988414	0.768651402898	0.147941632504	1.0

