fitting info
============
χ²:		3978.57113676
DoF:	1995
χ²/DoF:	1.9942712465

parameters
==========
0	a	0.00329239848191	±	2.00014668187e-06
1	b	7.79606762521	±	0.118652711148
2	A	5.80530082566e-09	±	1.53482378102e-11
3	t_{c}	1.52069432311e-05	±	4.52632167263e-09
4	#sigma	2.1836424592e-06	±	5.24444580638e-09

covariance matrix
=================
4.00058674898e-12	-2.05588612833e-07	-1.00177951681e-17	2.41148794261e-15	-2.42122549741e-15
-2.05588612833e-07	0.0140784658627	-1.14286476614e-13	-1.80210679104e-10	-3.66582371543e-11
-1.00177951681e-17	-1.14286476614e-13	2.35568403878e-22	5.71352120969e-21	5.98419879744e-20
2.41148794261e-15	-1.80210679104e-10	5.71352120969e-21	2.04875878841e-17	2.48949494013e-18
-2.42122549741e-15	-3.66582371543e-11	5.98419879744e-20	2.48949494013e-18	2.7504211816e-17

correlation matrix
==================
1.0	-0.866282505847	-0.326326078322	0.26636541426	-0.230820188146
-0.866282505847	1.0	-0.0627564918577	-0.335550153974	-0.0589107169876
-0.326326078322	-0.0627564918577	1.0	0.0822431828665	0.743443366746
0.26636541426	-0.335550153974	0.0822431828665	1.0	0.104873613248
-0.230820188146	-0.0589107169876	0.743443366746	0.104873613248	1.0

