fitting info
============
χ²:		4367.99775169
DoF:	1995
χ²/DoF:	2.18947255724

parameters
==========
0	a	0.00260874268033	±	2.13829494575e-06
1	b	8.64188617685	±	0.119004330502
2	A	7.17195305015e-09	±	1.34428357333e-11
3	t_{c}	1.37476445182e-05	±	2.88896767157e-09
4	#sigma	1.88559372721e-06	±	3.32487694303e-09

covariance matrix
=================
4.57230527504e-12	-2.29602046044e-07	-1.41701248102e-17	1.37904104798e-15	-2.48836321777e-15
-2.29602046044e-07	0.0141620306782	3.4345994312e-13	-9.07765637135e-11	5.79171132127e-11
-1.41701248102e-17	3.4345994312e-13	1.80709832553e-22	-4.46869683629e-22	3.23284894393e-20
1.37904104798e-15	-9.07765637135e-11	-4.46869683629e-22	8.3461342074e-18	2.44587484497e-19
-2.48836321777e-15	5.79171132127e-11	3.23284894393e-20	2.44587484497e-19	1.10548066863e-17

correlation matrix
==================
1.0	-0.902288410364	-0.492963965297	0.223237372377	-0.350002049475
-0.902288410364	1.0	0.214695250227	-0.264039128961	0.146375558558
-0.492963965297	0.214695250227	1.0	-0.0115066080163	0.723300798433
0.223237372377	-0.264039128961	-0.0115066080163	1.0	0.0254633753679
-0.350002049475	0.146375558558	0.723300798433	0.0254633753679	1.0

