fitting info
============
χ²:		6809.63984954
DoF:	1794
χ²/DoF:	3.79578586931

parameters
==========
0	a	-0.000934838102828	±	2.54975235874e-06
1	b	12.1412009828	±	0.149509265408
2	A	9.8387304374e-09	±	1.21490888897e-11
3	t_{c}	1.13517628292e-05	±	1.35491574592e-09
4	#sigma	1.39937086179e-06	±	1.60035704249e-09

covariance matrix
=================
6.50123709089e-12	-3.56390577153e-07	-1.91866582906e-17	6.26781653884e-16	-1.84387016591e-15
-3.56390577153e-07	0.022353020443	7.99671458536e-13	-4.1243527485e-11	7.67982950328e-11
-1.91866582906e-17	7.99671458536e-13	1.47600360849e-22	-9.54784066157e-22	1.42509745367e-20
6.26781653884e-16	-4.1243527485e-11	-9.54784066157e-22	1.83579667855e-18	-3.78744284817e-20
-1.84387016591e-15	7.67982950328e-11	1.42509745367e-20	-3.78744284817e-20	2.56114266345e-18

correlation matrix
==================
1.0	-0.934889114506	-0.619380643765	0.181428698005	-0.45187201928
-0.934889114506	1.0	0.440250419443	-0.203598889602	0.32097158405
-0.619380643765	0.440250419443	1.0	-0.0580028272728	0.732966235597
0.181428698005	-0.203598889602	-0.0580028272728	1.0	-0.0174669433983
-0.45187201928	0.32097158405	0.732966235597	-0.0174669433983	1.0

