fitting info
============
χ²:		9681.32054813
DoF:	2369
χ²/DoF:	4.08666971217

parameters
==========
0	a	-0.00218199299477	±	2.45341350413e-06
1	b	34.1444680505	±	0.235979391757
2	A	1.30693611552e-08	±	7.92242342806e-12
3	t_{c}	9.86513671287e-06	±	5.33635213347e-10
4	#sigma	1.14791156098e-06	±	6.09930763314e-10

covariance matrix
=================
6.01923782224e-12	-5.28668249843e-07	-4.96356645251e-18	4.44399670657e-16	-2.87200999544e-16
-5.28668249843e-07	0.0556862733341	-1.3654135547e-13	-4.79165995318e-11	-9.00372442285e-12
-4.96356645251e-18	-1.3654135547e-13	6.27647929735e-23	2.03798535313e-22	3.73677606363e-21
4.44399670657e-16	-4.79165995318e-11	2.03798535313e-22	2.84766540923e-19	1.71324059024e-20
-2.87200999544e-16	-9.00372442285e-12	3.73677606363e-21	1.71324059024e-20	3.72015536037e-19

correlation matrix
==================
1.0	-0.913142171163	-0.255367155454	0.339436465923	-0.191926373407
-0.913142171163	1.0	-0.073035176331	-0.380511189905	-0.0625557993691
-0.255367155454	-0.073035176331	1.0	0.0482057149278	0.773318648804
0.339436465923	-0.380511189905	0.0482057149278	1.0	0.0526372675627
-0.191926373407	-0.0625557993691	0.773318648804	0.0526372675627	1.0

